id,type,urgency,status,assigned_machine,arrival_time,execution_time,energy_usage,start_time,completion_time,missed_time,deadline,extended_deadline
0,TT1,BESTEFFORT,COMPLETED,m4-1,0.042,"{'m1-1': 2.595, 'm2-1': 1.649, 'm3-1': 3.669, 'm4-1': 0.638}",0.9570000000000001,0.042,0.68,inf,5.042,5.042
1,TT3,BESTEFFORT,COMPLETED,m4-1,0.437,"{'m1-1': 1.995, 'm2-1': 1.344, 'm3-1': 5.266, 'm4-1': 0.72}",1.08,0.68,1.4,inf,5.6370000000000005,5.6370000000000005
2,TT1,BESTEFFORT,COMPLETED,m4-1,0.446,"{'m1-1': 2.049, 'm2-1': 1.667, 'm3-1': 4.483, 'm4-1': 0.838}",1.257,1.4,2.238,inf,5.446,5.446
3,TT1,BESTEFFORT,CANCELLED,m4-1,0.586,"{'m1-1': 1.955, 'm2-1': 1.847, 'm3-1': 4.038, 'm4-1': 0.857}",0.0,inf,inf,inf,5.586,5.586
4,TT3,BESTEFFORT,COMPLETED,m1-1,0.594,"{'m1-1': 2.392, 'm2-1': 1.516, 'm3-1': 5.118, 'm4-1': 0.905}",3.8272,0.594,2.9859999999999998,inf,5.7940000000000005,5.7940000000000005
5,TT4,BESTEFFORT,COMPLETED,m4-1,0.809,"{'m1-1': 2.111, 'm2-1': 1.519, 'm3-1': 4.575, 'm4-1': 0.906}",1.359,2.238,3.144,inf,5.809,5.809
6,TT4,BESTEFFORT,COMPLETED,m1-1,0.927,"{'m1-1': 1.744, 'm2-1': 1.768, 'm3-1': 3.704, 'm4-1': 1.066}",2.7904,2.9859999999999998,4.7299999999999995,inf,5.927,5.927
7,TT3,BESTEFFORT,COMPLETED,m2-1,1.288,"{'m1-1': 1.746, 'm2-1': 1.317, 'm3-1': 4.895, 'm4-1': 1.005}",3.9509999999999996,1.288,2.605,inf,6.488,6.488
8,TT3,BESTEFFORT,COMPLETED,m2-1,1.306,"{'m1-1': 2.281, 'm2-1': 1.495, 'm3-1': 5.515, 'm4-1': 0.887}",4.485,2.605,4.1,inf,6.506,6.506
9,TT4,BESTEFFORT,COMPLETED,m4-1,1.437,"{'m1-1': 1.89, 'm2-1': 1.892, 'm3-1': 4.288, 'm4-1': 0.975}",1.4625,3.144,4.119,inf,6.437,6.437
10,TT2,BESTEFFORT,COMPLETED,m2-1,1.586,"{'m1-1': 2.228, 'm2-1': 1.648, 'm3-1': 4.504, 'm4-1': 0.962}",4.944,4.1,5.747999999999999,inf,6.686,6.686
11,TT2,BESTEFFORT,COMPLETED,m1-1,1.649,"{'m1-1': 2.016, 'm2-1': 1.686, 'm3-1': 4.466, 'm4-1': 0.955}",3.2256,4.7299999999999995,6.7459999999999996,inf,6.749,6.749
12,TT1,BESTEFFORT,MISSED,m3-1,1.705,"{'m1-1': 2.421, 'm2-1': 1.743, 'm3-1': 5.113, 'm4-1': 0.854}",9.0,1.705,inf,6.705,6.705,6.705
13,TT4,BESTEFFORT,COMPLETED,m4-1,1.926,"{'m1-1': 2.421, 'm2-1': 1.858, 'm3-1': 3.912, 'm4-1': 1.038}",1.557,4.119,5.157,inf,6.926,6.926
14,TT2,BESTEFFORT,COMPLETED,m4-1,1.965,"{'m1-1': 2.587, 'm2-1': 1.84, 'm3-1': 4.656, 'm4-1': 0.816}",1.224,5.157,5.973,inf,7.0649999999999995,7.0649999999999995
15,TT3,BESTEFFORT,CANCELLED,,2.024,"{'m1-1': 2.091, 'm2-1': 1.773, 'm3-1': 5.316, 'm4-1': 0.942}",0.0,inf,inf,inf,7.224,7.224
16,TT2,BESTEFFORT,CANCELLED,,2.075,"{'m1-1': 2.076, 'm2-1': 2.013, 'm3-1': 4.3, 'm4-1': 0.865}",0.0,inf,inf,inf,7.175,7.175
17,TT1,BESTEFFORT,CANCELLED,,2.266,"{'m1-1': 2.267, 'm2-1': 1.77, 'm3-1': 4.925, 'm4-1': 0.77}",0.0,inf,inf,inf,7.266,7.266
18,TT4,BESTEFFORT,CANCELLED,,2.333,"{'m1-1': 1.981, 'm2-1': 1.667, 'm3-1': 4.337, 'm4-1': 1.044}",0.0,inf,inf,inf,7.333,7.333
19,TT3,BESTEFFORT,COMPLETED,m2-1,2.568,"{'m1-1': 1.957, 'm2-1': 1.771, 'm3-1': 5.567, 'm4-1': 0.898}",5.313,5.747999999999999,7.518999999999999,inf,7.768000000000001,7.768000000000001
20,TT2,BESTEFFORT,CANCELLED,,2.695,"{'m1-1': 2.095, 'm2-1': 1.555, 'm3-1': 4.396, 'm4-1': 0.944}",0.0,inf,inf,inf,7.795,7.795
21,TT4,BESTEFFORT,CANCELLED,,2.828,"{'m1-1': 2.071, 'm2-1': 1.388, 'm3-1': 3.824, 'm4-1': 1.061}",0.0,inf,inf,inf,7.827999999999999,7.827999999999999
22,TT3,BESTEFFORT,CANCELLED,,2.834,"{'m1-1': 2.011, 'm2-1': 1.507, 'm3-1': 4.642, 'm4-1': 0.911}",0.0,inf,inf,inf,8.034,8.034
23,TT1,BESTEFFORT,CANCELLED,,2.859,"{'m1-1': 2.257, 'm2-1': 1.725, 'm3-1': 4.282, 'm4-1': 0.806}",0.0,inf,inf,inf,7.859,7.859
24,TT1,BESTEFFORT,CANCELLED,,2.895,"{'m1-1': 2.022, 'm2-1': 1.605, 'm3-1': 4.223, 'm4-1': 0.772}",0.0,inf,inf,inf,7.895,7.895
25,TT4,BESTEFFORT,CANCELLED,,3.066,"{'m1-1': 2.449, 'm2-1': 1.715, 'm3-1': 3.961, 'm4-1': 1.063}",0.0,inf,inf,inf,8.065999999999999,8.065999999999999
26,TT1,BESTEFFORT,CANCELLED,,3.077,"{'m1-1': 2.525, 'm2-1': 1.73, 'm3-1': 4.373, 'm4-1': 0.633}",0.0,inf,inf,inf,8.077,8.077
27,TT2,BESTEFFORT,COMPLETED,m4-1,3.094,"{'m1-1': 2.167, 'm2-1': 1.901, 'm3-1': 3.761, 'm4-1': 1.003}",1.5044999999999997,5.973,6.976,inf,8.193999999999999,8.193999999999999
28,TT4,BESTEFFORT,CANCELLED,,3.118,"{'m1-1': 1.911, 'm2-1': 1.58, 'm3-1': 3.726, 'm4-1': 1.001}",0.0,inf,inf,inf,8.118,8.118
29,TT1,BESTEFFORT,CANCELLED,,3.216,"{'m1-1': 2.228, 'm2-1': 1.862, 'm3-1': 5.044, 'm4-1': 0.75}",0.0,inf,inf,inf,8.216000000000001,8.216000000000001
30,TT3,BESTEFFORT,CANCELLED,,3.308,"{'m1-1': 2.319, 'm2-1': 1.758, 'm3-1': 5.844, 'm4-1': 0.877}",0.0,inf,inf,inf,8.508,8.508
31,TT4,BESTEFFORT,CANCELLED,,3.611,"{'m1-1': 2.414, 'm2-1': 1.589, 'm3-1': 3.645, 'm4-1': 0.79}",0.0,inf,inf,inf,8.611,8.611
32,TT3,BESTEFFORT,MISSED,m2-1,3.688,"{'m1-1': 2.246, 'm2-1': 1.447, 'm3-1': 5.4, 'm4-1': 0.874}",4.107000000000002,7.518999999999999,inf,8.888,8.888,8.888
33,TT3,BESTEFFORT,CANCELLED,m4-1,3.863,"{'m1-1': 2.293, 'm2-1': 1.637, 'm3-1': 5.844, 'm4-1': 0.938}",0.0,inf,inf,inf,9.063,9.063
34,TT2,BESTEFFORT,COMPLETED,m1-1,4.001,"{'m1-1': 1.91, 'm2-1': 2.133, 'm3-1': 3.918, 'm4-1': 0.83}",3.056,6.7459999999999996,8.655999999999999,inf,9.100999999999999,9.100999999999999
35,TT2,BESTEFFORT,CANCELLED,m4-1,4.129,"{'m1-1': 1.885, 'm2-1': 1.866, 'm3-1': 4.622, 'm4-1': 0.72}",0.0,inf,inf,inf,9.229,9.229
36,TT1,BESTEFFORT,CANCELLED,,4.168,"{'m1-1': 1.988, 'm2-1': 1.648, 'm3-1': 3.854, 'm4-1': 0.811}",0.0,inf,inf,inf,9.168,9.168
37,TT4,BESTEFFORT,CANCELLED,,4.266,"{'m1-1': 1.912, 'm2-1': 1.836, 'm3-1': 4.499, 'm4-1': 0.963}",0.0,inf,inf,inf,9.266,9.266
38,TT3,BESTEFFORT,CANCELLED,,4.31,"{'m1-1': 1.829, 'm2-1': 1.783, 'm3-1': 5.46, 'm4-1': 1.003}",0.0,inf,inf,inf,9.51,9.51
39,TT2,BESTEFFORT,CANCELLED,,4.32,"{'m1-1': 2.253, 'm2-1': 1.681, 'm3-1': 4.772, 'm4-1': 0.833}",0.0,inf,inf,inf,9.42,9.42
40,TT4,BESTEFFORT,CANCELLED,,4.338,"{'m1-1': 2.153, 'm2-1': 1.609, 'm3-1': 3.925, 'm4-1': 0.761}",0.0,inf,inf,inf,9.338000000000001,9.338000000000001
41,TT2,BESTEFFORT,CANCELLED,,4.646,"{'m1-1': 1.866, 'm2-1': 1.66, 'm3-1': 4.255, 'm4-1': 0.904}",0.0,inf,inf,inf,9.745999999999999,9.745999999999999
42,TT4,BESTEFFORT,CANCELLED,,4.707,"{'m1-1': 1.793, 'm2-1': 1.685, 'm3-1': 4.364, 'm4-1': 0.991}",0.0,inf,inf,inf,9.707,9.707
43,TT4,BESTEFFORT,CANCELLED,m4-1,5.006,"{'m1-1': 1.945, 'm2-1': 1.632, 'm3-1': 4.245, 'm4-1': 1.042}",0.0,inf,inf,inf,10.006,10.006
44,TT3,BESTEFFORT,MISSED,m2-1,5.07,"{'m1-1': 1.923, 'm2-1': 1.502, 'm3-1': 5.468, 'm4-1': 1.002}",4.145999999999999,8.888,inf,10.27,10.27,10.27
45,TT3,BESTEFFORT,CANCELLED,,5.149,"{'m1-1': 1.723, 'm2-1': 1.511, 'm3-1': 5.34, 'm4-1': 0.898}",0.0,inf,inf,inf,10.349,10.349
46,TT3,BESTEFFORT,CANCELLED,,5.329,"{'m1-1': 2.135, 'm2-1': 1.681, 'm3-1': 4.805, 'm4-1': 0.744}",0.0,inf,inf,inf,10.529,10.529
47,TT1,BESTEFFORT,COMPLETED,m4-1,5.355,"{'m1-1': 2.193, 'm2-1': 1.547, 'm3-1': 5.042, 'm4-1': 0.702}",1.053,6.976,7.678,inf,10.355,10.355
48,TT3,BESTEFFORT,CANCELLED,,5.437,"{'m1-1': 2.141, 'm2-1': 1.387, 'm3-1': 4.505, 'm4-1': 0.831}",0.0,inf,inf,inf,10.637,10.637
49,TT1,BESTEFFORT,COMPLETED,m3-1,5.799,"{'m1-1': 2.429, 'm2-1': 1.684, 'm3-1': 3.624, 'm4-1': 0.703}",6.5232,6.705,10.329,inf,10.799,10.799
50,TT4,BESTEFFORT,COMPLETED,m1-1,5.826,"{'m1-1': 2.092, 'm2-1': 1.706, 'm3-1': 4.72, 'm4-1': 0.968}",3.3472000000000004,8.655999999999999,10.748,inf,10.826,10.826
51,TT2,BESTEFFORT,CANCELLED,m4-1,5.947,"{'m1-1': 2.625, 'm2-1': 1.755, 'm3-1': 3.927, 'm4-1': 0.724}",0.0,inf,inf,inf,11.047,11.047
52,TT3,BESTEFFORT,CANCELLED,,6.215,"{'m1-1': 1.744, 'm2-1': 1.588, 'm3-1': 5.013, 'm4-1': 0.786}",0.0,inf,inf,inf,11.415,11.415
53,TT4,BESTEFFORT,CANCELLED,,6.331,"{'m1-1': 2.287, 'm2-1': 1.359, 'm3-1': 3.961, 'm4-1': 0.935}",0.0,inf,inf,inf,11.331,11.331
54,TT3,BESTEFFORT,MISSED,m2-1,6.364,"{'m1-1': 2.16, 'm2-1': 1.741, 'm3-1': 5.379, 'm4-1': 0.968}",3.8820000000000014,10.27,inf,11.564,11.564,11.564
55,TT4,BESTEFFORT,CANCELLED,,6.394,"{'m1-1': 1.809, 'm2-1': 1.649, 'm3-1': 4.817, 'm4-1': 1.024}",0.0,inf,inf,inf,11.394,11.394
56,TT1,BESTEFFORT,CANCELLED,,6.47,"{'m1-1': 2.082, 'm2-1': 1.432, 'm3-1': 4.575, 'm4-1': 0.618}",0.0,inf,inf,inf,11.469999999999999,11.469999999999999
57,TT3,BESTEFFORT,CANCELLED,,6.47,"{'m1-1': 2.079, 'm2-1': 1.335, 'm3-1': 4.62, 'm4-1': 0.873}",0.0,inf,inf,inf,11.67,11.67
58,TT4,BESTEFFORT,CANCELLED,,6.592,"{'m1-1': 2.395, 'm2-1': 1.724, 'm3-1': 4.972, 'm4-1': 0.842}",0.0,inf,inf,inf,11.591999999999999,11.591999999999999
59,TT3,BESTEFFORT,COMPLETED,m4-1,6.721,"{'m1-1': 2.33, 'm2-1': 1.288, 'm3-1': 4.278, 'm4-1': 0.724}",1.0859999999999999,7.678,8.402,inf,11.921,11.921
60,TT1,BESTEFFORT,COMPLETED,m4-1,6.926,"{'m1-1': 1.991, 'm2-1': 1.654, 'm3-1': 4.252, 'm4-1': 0.686}",1.0290000000000001,8.402,9.088,inf,11.926,11.926
61,TT3,BESTEFFORT,CANCELLED,m4-1,6.987,"{'m1-1': 2.202, 'm2-1': 1.576, 'm3-1': 4.505, 'm4-1': 0.94}",0.0,inf,inf,inf,12.187000000000001,12.187000000000001
62,TT2,BESTEFFORT,CANCELLED,,7.023,"{'m1-1': 2.352, 'm2-1': 1.82, 'm3-1': 4.253, 'm4-1': 0.803}",0.0,inf,inf,inf,12.123,12.123
63,TT3,BESTEFFORT,CANCELLED,m4-1,7.172,"{'m1-1': 2.315, 'm2-1': 1.382, 'm3-1': 5.22, 'm4-1': 0.878}",0.0,inf,inf,inf,12.372,12.372
64,TT1,BESTEFFORT,COMPLETED,m4-1,7.578,"{'m1-1': 2.269, 'm2-1': 1.459, 'm3-1': 4.495, 'm4-1': 0.817}",1.2254999999999998,9.088,9.905,inf,12.578,12.578
65,TT3,BESTEFFORT,MISSED,m1-1,7.729,"{'m1-1': 2.185, 'm2-1': 1.643, 'm3-1': 5.357, 'm4-1': 0.783}",3.4896000000000016,10.748,inf,12.929,12.929,12.929
66,TT1,BESTEFFORT,CANCELLED,,7.856,"{'m1-1': 2.452, 'm2-1': 1.438, 'm3-1': 4.203, 'm4-1': 0.673}",0.0,inf,inf,inf,12.856,12.856
67,TT4,BESTEFFORT,CANCELLED,,7.873,"{'m1-1': 1.95, 'm2-1': 1.416, 'm3-1': 4.312, 'm4-1': 0.853}",0.0,inf,inf,inf,12.873000000000001,12.873000000000001
68,TT4,BESTEFFORT,CANCELLED,,7.973,"{'m1-1': 2.421, 'm2-1': 1.413, 'm3-1': 4.258, 'm4-1': 0.922}",0.0,inf,inf,inf,12.972999999999999,12.972999999999999
69,TT1,BESTEFFORT,CANCELLED,m4-1,8.136,"{'m1-1': 2.49, 'm2-1': 1.622, 'm3-1': 4.132, 'm4-1': 0.678}",0.0,inf,inf,inf,13.136,13.136
70,TT3,BESTEFFORT,COMPLETED,m2-1,8.319,"{'m1-1': 1.858, 'm2-1': 1.696, 'm3-1': 4.222, 'm4-1': 0.845}",5.088,11.564,13.26,inf,13.519000000000002,13.519000000000002
71,TT1,BESTEFFORT,COMPLETED,m4-1,8.398,"{'m1-1': 2.331, 'm2-1': 1.651, 'm3-1': 4.003, 'm4-1': 0.818}",1.2269999999999999,9.905,10.722999999999999,inf,13.398,13.398
72,TT2,BESTEFFORT,CANCELLED,,8.413,"{'m1-1': 1.912, 'm2-1': 1.801, 'm3-1': 4.236, 'm4-1': 0.952}",0.0,inf,inf,inf,13.513,13.513
73,TT3,BESTEFFORT,CANCELLED,,8.454,"{'m1-1': 2.29, 'm2-1': 1.74, 'm3-1': 4.409, 'm4-1': 0.88}",0.0,inf,inf,inf,13.654,13.654
74,TT2,BESTEFFORT,CANCELLED,,8.454,"{'m1-1': 2.639, 'm2-1': 1.941, 'm3-1': 4.312, 'm4-1': 0.861}",0.0,inf,inf,inf,13.554,13.554
75,TT1,BESTEFFORT,CANCELLED,,8.462,"{'m1-1': 2.451, 'm2-1': 1.89, 'm3-1': 3.786, 'm4-1': 0.802}",0.0,inf,inf,inf,13.462,13.462
76,TT2,BESTEFFORT,CANCELLED,m4-1,8.766,"{'m1-1': 2.421, 'm2-1': 1.626, 'm3-1': 5.097, 'm4-1': 0.815}",0.0,inf,inf,inf,13.866,13.866
77,TT4,BESTEFFORT,CANCELLED,,8.868,"{'m1-1': 2.17, 'm2-1': 1.864, 'm3-1': 4.886, 'm4-1': 1.062}",0.0,inf,inf,inf,13.868,13.868
78,TT3,BESTEFFORT,CANCELLED,m4-1,9.103,"{'m1-1': 2.367, 'm2-1': 1.77, 'm3-1': 5.74, 'm4-1': 0.767}",0.0,inf,inf,inf,14.303,14.303
79,TT1,BESTEFFORT,CANCELLED,m4-1,9.122,"{'m1-1': 1.98, 'm2-1': 1.659, 'm3-1': 4.258, 'm4-1': 0.643}",0.0,inf,inf,inf,14.122,14.122
80,TT2,BESTEFFORT,CANCELLED,,9.122,"{'m1-1': 2.424, 'm2-1': 2.121, 'm3-1': 4.427, 'm4-1': 0.812}",0.0,inf,inf,inf,14.222,14.222
81,TT4,BESTEFFORT,MISSED,m1-1,9.141,"{'m1-1': 2.366, 'm2-1': 1.64, 'm3-1': 4.916, 'm4-1': 0.777}",1.9391999999999996,12.929,inf,14.141,14.141,14.141
82,TT1,BESTEFFORT,CANCELLED,,9.151,"{'m1-1': 2.011, 'm2-1': 1.433, 'm3-1': 4.986, 'm4-1': 0.76}",0.0,inf,inf,inf,14.151,14.151
83,TT1,BESTEFFORT,CANCELLED,,9.187,"{'m1-1': 1.948, 'm2-1': 1.685, 'm3-1': 3.877, 'm4-1': 0.689}",0.0,inf,inf,inf,14.187,14.187
84,TT3,BESTEFFORT,CANCELLED,,9.205,"{'m1-1': 2.194, 'm2-1': 1.775, 'm3-1': 4.702, 'm4-1': 0.892}",0.0,inf,inf,inf,14.405000000000001,14.405000000000001
85,TT2,BESTEFFORT,CANCELLED,,9.236,"{'m1-1': 1.894, 'm2-1': 1.858, 'm3-1': 3.864, 'm4-1': 0.728}",0.0,inf,inf,inf,14.336,14.336
86,TT1,BESTEFFORT,CANCELLED,,9.458,"{'m1-1': 2.525, 'm2-1': 1.419, 'm3-1': 4.136, 'm4-1': 0.83}",0.0,inf,inf,inf,14.458,14.458
87,TT3,BESTEFFORT,COMPLETED,m2-1,9.537,"{'m1-1': 2.027, 'm2-1': 1.331, 'm3-1': 5.299, 'm4-1': 0.98}",3.993,13.26,14.591,inf,14.737000000000002,14.737000000000002
88,TT3,BESTEFFORT,CANCELLED,,9.553,"{'m1-1': 2.378, 'm2-1': 1.609, 'm3-1': 5.92, 'm4-1': 0.873}",0.0,inf,inf,inf,14.753,14.753
89,TT1,BESTEFFORT,CANCELLED,m4-1,9.752,"{'m1-1': 2.301, 'm2-1': 1.985, 'm3-1': 3.724, 'm4-1': 0.703}",0.0,inf,inf,inf,14.752,14.752
90,TT4,BESTEFFORT,CANCELLED,,9.767,"{'m1-1': 1.755, 'm2-1': 1.709, 'm3-1': 4.968, 'm4-1': 1.04}",0.0,inf,inf,inf,14.767,14.767
91,TT3,BESTEFFORT,CANCELLED,,9.781,"{'m1-1': 2.252, 'm2-1': 1.326, 'm3-1': 4.8, 'm4-1': 0.996}",0.0,inf,inf,inf,14.981000000000002,14.981000000000002
92,TT4,BESTEFFORT,CANCELLED,,9.922,"{'m1-1': 1.862, 'm2-1': 1.74, 'm3-1': 4.347, 'm4-1': 1.032}",0.0,inf,inf,inf,14.922,14.922
93,TT1,BESTEFFORT,MISSED,m3-1,9.942,"{'m1-1': 2.104, 'm2-1': 1.868, 'm3-1': 4.782, 'm4-1': 0.849}",8.3034,10.329,inf,14.942,14.942,14.942
94,TT3,BESTEFFORT,CANCELLED,,10.079,"{'m1-1': 1.902, 'm2-1': 1.345, 'm3-1': 4.899, 'm4-1': 0.766}",0.0,inf,inf,inf,15.279,15.279
95,TT4,BESTEFFORT,CANCELLED,,10.163,"{'m1-1': 2.095, 'm2-1': 1.765, 'm3-1': 3.741, 'm4-1': 1.02}",0.0,inf,inf,inf,15.163,15.163
96,TT4,BESTEFFORT,COMPLETED,m4-1,10.27,"{'m1-1': 2.047, 'm2-1': 1.594, 'm3-1': 4.777, 'm4-1': 0.792}",1.1880000000000002,10.722999999999999,11.514999999999999,inf,15.27,15.27
97,TT1,BESTEFFORT,CANCELLED,,10.308,"{'m1-1': 2.219, 'm2-1': 1.534, 'm3-1': 4.5, 'm4-1': 0.715}",0.0,inf,inf,inf,15.308,15.308
98,TT3,BESTEFFORT,COMPLETED,m4-1,10.332,"{'m1-1': 2.154, 'm2-1': 1.473, 'm3-1': 4.247, 'm4-1': 0.906}",1.359,11.514999999999999,12.421,inf,15.532,15.532
99,TT1,BESTEFFORT,CANCELLED,,10.424,"{'m1-1': 1.986, 'm2-1': 1.782, 'm3-1': 4.932, 'm4-1': 0.658}",0.0,inf,inf,inf,15.424,15.424
100,TT4,BESTEFFORT,CANCELLED,m4-1,10.511,"{'m1-1': 2.163, 'm2-1': 1.603, 'm3-1': 3.704, 'm4-1': 0.761}",0.0,inf,inf,inf,15.511,15.511
101,TT2,BESTEFFORT,CANCELLED,,10.56,"{'m1-1': 2.592, 'm2-1': 1.844, 'm3-1': 4.307, 'm4-1': 0.735}",0.0,inf,inf,inf,15.66,15.66
102,TT1,BESTEFFORT,CANCELLED,,10.584,"{'m1-1': 2.153, 'm2-1': 1.76, 'm3-1': 4.954, 'm4-1': 0.783}",0.0,inf,inf,inf,15.584,15.584
103,TT4,BESTEFFORT,CANCELLED,,10.586,"{'m1-1': 2.111, 'm2-1': 1.74, 'm3-1': 4.24, 'm4-1': 0.988}",0.0,inf,inf,inf,15.586,15.586
104,TT3,BESTEFFORT,COMPLETED,m4-1,10.618,"{'m1-1': 2.015, 'm2-1': 1.736, 'm3-1': 4.441, 'm4-1': 0.811}",1.2165000000000001,12.421,13.232,inf,15.818000000000001,15.818000000000001
105,TT3,BESTEFFORT,CANCELLED,,10.649,"{'m1-1': 1.833, 'm2-1': 1.658, 'm3-1': 5.622, 'm4-1': 0.981}",0.0,inf,inf,inf,15.849,15.849
106,TT3,BESTEFFORT,COMPLETED,m1-1,11.024,"{'m1-1': 2.046, 'm2-1': 1.484, 'm3-1': 4.467, 'm4-1': 0.952}",3.2736,14.141,16.187,inf,16.224,16.224
107,TT3,BESTEFFORT,COMPLETED,m2-1,11.206,"{'m1-1': 2.101, 'm2-1': 1.711, 'm3-1': 5.081, 'm4-1': 0.769}",5.133,14.591,16.302,inf,16.406,16.406
108,TT3,BESTEFFORT,CANCELLED,,11.215,"{'m1-1': 2.143, 'm2-1': 1.683, 'm3-1': 4.38, 'm4-1': 1.005}",0.0,inf,inf,inf,16.415,16.415
109,TT1,BESTEFFORT,CANCELLED,m4-1,11.407,"{'m1-1': 1.972, 'm2-1': 1.538, 'm3-1': 4.986, 'm4-1': 0.638}",0.0,inf,inf,inf,16.407,16.407
110,TT1,BESTEFFORT,CANCELLED,,11.44,"{'m1-1': 2.192, 'm2-1': 1.876, 'm3-1': 4.233, 'm4-1': 0.715}",0.0,inf,inf,inf,16.439999999999998,16.439999999999998
111,TT3,BESTEFFORT,COMPLETED,m4-1,11.473,"{'m1-1': 1.731, 'm2-1': 1.734, 'm3-1': 4.577, 'm4-1': 0.922}",1.383,13.232,14.154,inf,16.673000000000002,16.673000000000002
112,TT3,BESTEFFORT,CANCELLED,,11.603,"{'m1-1': 2.154, 'm2-1': 1.306, 'm3-1': 5.046, 'm4-1': 1.014}",0.0,inf,inf,inf,16.803,16.803
113,TT3,BESTEFFORT,COMPLETED,m4-1,11.63,"{'m1-1': 2.207, 'm2-1': 1.521, 'm3-1': 5.173, 'm4-1': 0.911}",1.3665,14.154,15.065,inf,16.830000000000002,16.830000000000002
114,TT3,BESTEFFORT,CANCELLED,,11.818,"{'m1-1': 2.333, 'm2-1': 1.324, 'm3-1': 4.552, 'm4-1': 0.863}",0.0,inf,inf,inf,17.018,17.018
115,TT3,BESTEFFORT,CANCELLED,,11.82,"{'m1-1': 1.893, 'm2-1': 1.607, 'm3-1': 5.278, 'm4-1': 0.802}",0.0,inf,inf,inf,17.02,17.02
116,TT4,BESTEFFORT,CANCELLED,,11.918,"{'m1-1': 1.813, 'm2-1': 1.625, 'm3-1': 4.255, 'm4-1': 1.046}",0.0,inf,inf,inf,16.918,16.918
117,TT3,BESTEFFORT,CANCELLED,m4-1,12.007,"{'m1-1': 2.091, 'm2-1': 1.387, 'm3-1': 5.349, 'm4-1': 0.985}",0.0,inf,inf,inf,17.207,17.207
118,TT2,BESTEFFORT,CANCELLED,,12.15,"{'m1-1': 1.904, 'm2-1': 1.889, 'm3-1': 3.975, 'm4-1': 0.911}",0.0,inf,inf,inf,17.25,17.25
119,TT2,BESTEFFORT,CANCELLED,,12.243,"{'m1-1': 2.307, 'm2-1': 1.555, 'm3-1': 4.372, 'm4-1': 0.787}",0.0,inf,inf,inf,17.343,17.343
120,TT4,BESTEFFORT,CANCELLED,,12.496,"{'m1-1': 2.322, 'm2-1': 1.473, 'm3-1': 3.982, 'm4-1': 0.965}",0.0,inf,inf,inf,17.496000000000002,17.496000000000002
121,TT1,BESTEFFORT,CANCELLED,,12.764,"{'m1-1': 2.34, 'm2-1': 1.842, 'm3-1': 4.325, 'm4-1': 0.659}",0.0,inf,inf,inf,17.764,17.764
122,TT3,BESTEFFORT,COMPLETED,m2-1,12.781,"{'m1-1': 2.286, 'm2-1': 1.281, 'm3-1': 5.218, 'm4-1': 0.773}",3.843,16.302,17.583,inf,17.981,17.981
123,TT1,BESTEFFORT,CANCELLED,,12.981,"{'m1-1': 2.122, 'm2-1': 1.582, 'm3-1': 4.472, 'm4-1': 0.838}",0.0,inf,inf,inf,17.981,17.981
124,TT2,BESTEFFORT,CANCELLED,,13.052,"{'m1-1': 2.231, 'm2-1': 1.612, 'm3-1': 4.841, 'm4-1': 0.726}",0.0,inf,inf,inf,18.152,18.152
125,TT2,BESTEFFORT,CANCELLED,m4-1,13.067,"{'m1-1': 2.646, 'm2-1': 1.736, 'm3-1': 4.297, 'm4-1': 0.845}",0.0,inf,inf,inf,18.167,18.167
126,TT4,BESTEFFORT,MISSED,m1-1,13.075,"{'m1-1': 2.254, 'm2-1': 1.643, 'm3-1': 4.375, 'm4-1': 0.94}",3.0207999999999973,16.187,inf,18.075,18.075,18.075
127,TT2,BESTEFFORT,CANCELLED,,13.185,"{'m1-1': 2.544, 'm2-1': 1.512, 'm3-1': 4.533, 'm4-1': 0.888}",0.0,inf,inf,inf,18.285,18.285
128,TT1,BESTEFFORT,CANCELLED,,13.264,"{'m1-1': 2.563, 'm2-1': 1.504, 'm3-1': 3.672, 'm4-1': 0.758}",0.0,inf,inf,inf,18.264,18.264
129,TT2,BESTEFFORT,MISSED,m3-1,13.31,"{'m1-1': 2.039, 'm2-1': 1.728, 'm3-1': 5.025, 'm4-1': 0.884}",6.2424,14.942,inf,18.41,18.41,18.41
130,TT3,BESTEFFORT,CANCELLED,m4-1,13.424,"{'m1-1': 1.755, 'm2-1': 1.481, 'm3-1': 5.514, 'm4-1': 1.009}",0.0,inf,inf,inf,18.624,18.624
131,TT2,BESTEFFORT,CANCELLED,m4-1,13.598,"{'m1-1': 1.901, 'm2-1': 1.617, 'm3-1': 4.894, 'm4-1': 0.952}",0.0,inf,inf,inf,18.698,18.698
132,TT3,BESTEFFORT,CANCELLED,m4-1,13.654,"{'m1-1': 2.149, 'm2-1': 1.501, 'm3-1': 5.22, 'm4-1': 0.96}",0.0,inf,inf,inf,18.854,18.854
133,TT4,BESTEFFORT,COMPLETED,m4-1,13.659,"{'m1-1': 1.75, 'm2-1': 1.742, 'm3-1': 4.802, 'm4-1': 0.815}",1.2225,15.065,15.879999999999999,inf,18.659,18.659
134,TT3,BESTEFFORT,CANCELLED,,13.779,"{'m1-1': 2.159, 'm2-1': 1.399, 'm3-1': 4.911, 'm4-1': 0.961}",0.0,inf,inf,inf,18.979,18.979
135,TT4,BESTEFFORT,COMPLETED,m4-1,14.068,"{'m1-1': 2.3, 'm2-1': 1.577, 'm3-1': 3.838, 'm4-1': 0.862}",1.293,15.879999999999999,16.741999999999997,inf,19.067999999999998,19.067999999999998
136,TT3,BESTEFFORT,CANCELLED,m4-1,14.558,"{'m1-1': 2.225, 'm2-1': 1.693, 'm3-1': 5.958, 'm4-1': 1.014}",0.0,inf,inf,inf,19.758,19.758
137,TT3,BESTEFFORT,CANCELLED,m4-1,14.587,"{'m1-1': 2.259, 'm2-1': 1.361, 'm3-1': 5.181, 'm4-1': 0.816}",0.0,inf,inf,inf,19.787,19.787
138,TT4,BESTEFFORT,COMPLETED,m2-1,14.86,"{'m1-1': 1.801, 'm2-1': 1.467, 'm3-1': 4.363, 'm4-1': 0.918}",4.401,17.583,19.049999999999997,inf,19.86,19.86
139,TT4,BESTEFFORT,COMPLETED,m4-1,14.864,"{'m1-1': 2.193, 'm2-1': 1.856, 'm3-1': 3.763, 'm4-1': 0.842}",1.263,16.741999999999997,17.583999999999996,inf,19.864,19.864
140,TT1,BESTEFFORT,COMPLETED,m4-1,14.905,"{'m1-1': 2.165, 'm2-1': 1.418, 'm3-1': 4.368, 'm4-1': 0.695}",1.0425,17.583999999999996,18.278999999999996,inf,19.905,19.905
141,TT1,BESTEFFORT,CANCELLED,,14.926,"{'m1-1': 2.45, 'm2-1': 1.823, 'm3-1': 3.61, 'm4-1': 0.796}",0.0,inf,inf,inf,19.926000000000002,19.926000000000002
142,TT4,BESTEFFORT,MISSED,m1-1,15.069,"{'m1-1': 2.385, 'm2-1': 1.709, 'm3-1': 3.912, 'm4-1': 0.789}",3.1904000000000057,18.075,inf,20.069000000000003,20.069000000000003,20.069000000000003
143,TT4,BESTEFFORT,CANCELLED,,15.162,"{'m1-1': 2.389, 'm2-1': 1.57, 'm3-1': 4.744, 'm4-1': 0.888}",0.0,inf,inf,inf,20.162,20.162
144,TT1,BESTEFFORT,CANCELLED,,15.199,"{'m1-1': 2.279, 'm2-1': 1.405, 'm3-1': 3.987, 'm4-1': 0.767}",0.0,inf,inf,inf,20.198999999999998,20.198999999999998
145,TT3,BESTEFFORT,CANCELLED,,15.385,"{'m1-1': 2.434, 'm2-1': 1.71, 'm3-1': 4.293, 'm4-1': 0.749}",0.0,inf,inf,inf,20.585,20.585
146,TT1,BESTEFFORT,CANCELLED,,15.442,"{'m1-1': 2.45, 'm2-1': 1.607, 'm3-1': 3.657, 'm4-1': 0.653}",0.0,inf,inf,inf,20.442,20.442
147,TT1,BESTEFFORT,CANCELLED,,15.47,"{'m1-1': 2.133, 'm2-1': 1.922, 'm3-1': 3.617, 'm4-1': 0.647}",0.0,inf,inf,inf,20.47,20.47
148,TT2,BESTEFFORT,CANCELLED,,15.549,"{'m1-1': 2.537, 'm2-1': 1.978, 'm3-1': 4.778, 'm4-1': 0.907}",0.0,inf,inf,inf,20.649,20.649
149,TT1,BESTEFFORT,COMPLETED,m4-1,15.69,"{'m1-1': 2.227, 'm2-1': 1.463, 'm3-1': 4.013, 'm4-1': 0.853}",1.2795,18.278999999999996,19.131999999999998,inf,20.689999999999998,20.689999999999998
150,TT3,BESTEFFORT,CANCELLED,,15.789,"{'m1-1': 2.035, 'm2-1': 1.307, 'm3-1': 4.304, 'm4-1': 0.887}",0.0,inf,inf,inf,20.989,20.989
151,TT2,BESTEFFORT,CANCELLED,,15.93,"{'m1-1': 2.617, 'm2-1': 1.886, 'm3-1': 5.029, 'm4-1': 0.828}",0.0,inf,inf,inf,21.03,21.03
152,TT2,BESTEFFORT,CANCELLED,,15.979,"{'m1-1': 1.89, 'm2-1': 1.625, 'm3-1': 4.37, 'm4-1': 0.885}",0.0,inf,inf,inf,21.079,21.079
153,TT3,BESTEFFORT,COMPLETED,m2-1,16.141,"{'m1-1': 1.804, 'm2-1': 1.486, 'm3-1': 5.75, 'm4-1': 0.852}",4.458,19.049999999999997,20.535999999999998,inf,21.340999999999998,21.340999999999998
154,TT1,BESTEFFORT,CANCELLED,,16.168,"{'m1-1': 2.102, 'm2-1': 1.615, 'm3-1': 3.693, 'm4-1': 0.687}",0.0,inf,inf,inf,21.168,21.168
155,TT1,BESTEFFORT,COMPLETED,m4-1,16.279,"{'m1-1': 1.986, 'm2-1': 1.946, 'm3-1': 4.176, 'm4-1': 0.64}",0.96,19.131999999999998,19.772,inf,21.279,21.279
156,TT3,BESTEFFORT,CANCELLED,,16.666,"{'m1-1': 2.182, 'm2-1': 1.499, 'm3-1': 5.968, 'm4-1': 0.805}",0.0,inf,inf,inf,21.866,21.866
157,TT1,BESTEFFORT,CANCELLED,,16.784,"{'m1-1': 2.326, 'm2-1': 1.479, 'm3-1': 3.882, 'm4-1': 0.632}",0.0,inf,inf,inf,21.784,21.784
158,TT4,BESTEFFORT,MISSED,m1-1,16.811,"{'m1-1': 2.04, 'm2-1': 1.83, 'm3-1': 3.881, 'm4-1': 0.973}",2.787199999999996,20.069000000000003,inf,21.811,21.811,21.811
159,TT4,BESTEFFORT,CANCELLED,,16.906,"{'m1-1': 2.011, 'm2-1': 1.891, 'm3-1': 4.895, 'm4-1': 0.896}",0.0,inf,inf,inf,21.906,21.906
160,TT2,BESTEFFORT,CANCELLED,,16.912,"{'m1-1': 1.927, 'm2-1': 1.966, 'm3-1': 5.083, 'm4-1': 0.89}",0.0,inf,inf,inf,22.012,22.012
161,TT4,BESTEFFORT,MISSED,m2-1,17.251,"{'m1-1': 1.947, 'm2-1': 1.829, 'm3-1': 4.816, 'm4-1': 1.03}",5.14500000000001,20.535999999999998,inf,22.251,22.251,22.251
162,TT4,BESTEFFORT,MISSED,m3-1,17.308,"{'m1-1': 2.016, 'm2-1': 1.541, 'm3-1': 4.357, 'm4-1': 0.974}",7.0164,18.41,inf,22.308,22.308,22.308
163,TT4,BESTEFFORT,CANCELLED,m4-1,17.322,"{'m1-1': 2.152, 'm2-1': 1.701, 'm3-1': 5.057, 'm4-1': 0.79}",0.0,inf,inf,inf,22.322,22.322
164,TT4,BESTEFFORT,CANCELLED,,17.688,"{'m1-1': 2.262, 'm2-1': 1.841, 'm3-1': 3.963, 'm4-1': 0.811}",0.0,inf,inf,inf,22.688,22.688
165,TT4,BESTEFFORT,CANCELLED,,17.772,"{'m1-1': 1.83, 'm2-1': 1.864, 'm3-1': 4.091, 'm4-1': 0.829}",0.0,inf,inf,inf,22.772,22.772
166,TT1,BESTEFFORT,COMPLETED,m4-1,17.901,"{'m1-1': 2.446, 'm2-1': 1.609, 'm3-1': 4.566, 'm4-1': 0.613}",0.9195,19.772,20.384999999999998,inf,22.901,22.901
167,TT4,BESTEFFORT,CANCELLED,,18.268,"{'m1-1': 2.254, 'm2-1': 1.815, 'm3-1': 5.144, 'm4-1': 0.817}",0.0,inf,inf,inf,23.268,23.268
168,TT2,BESTEFFORT,COMPLETED,m4-1,18.274,"{'m1-1': 1.905, 'm2-1': 1.57, 'm3-1': 4.051, 'm4-1': 0.933}",1.3995000000000002,20.384999999999998,21.317999999999998,inf,23.374000000000002,23.374000000000002
169,TT4,BESTEFFORT,CANCELLED,,18.303,"{'m1-1': 2.34, 'm2-1': 1.613, 'm3-1': 4.536, 'm4-1': 0.872}",0.0,inf,inf,inf,23.303,23.303
170,TT2,BESTEFFORT,CANCELLED,,18.438,"{'m1-1': 2.15, 'm2-1': 1.831, 'm3-1': 4.885, 'm4-1': 0.737}",0.0,inf,inf,inf,23.537999999999997,23.537999999999997
171,TT4,BESTEFFORT,CANCELLED,,18.444,"{'m1-1': 1.773, 'm2-1': 1.669, 'm3-1': 4.435, 'm4-1': 0.839}",0.0,inf,inf,inf,23.444,23.444
172,TT2,BESTEFFORT,CANCELLED,,18.567,"{'m1-1': 1.93, 'm2-1': 1.548, 'm3-1': 5.11, 'm4-1': 0.746}",0.0,inf,inf,inf,23.667,23.667
173,TT2,BESTEFFORT,MISSED,m1-1,18.854,"{'m1-1': 2.177, 'm2-1': 1.801, 'm3-1': 4.222, 'm4-1': 0.954}",3.428800000000001,21.811,inf,23.954,23.954,23.954
174,TT2,BESTEFFORT,COMPLETED,m2-1,18.933,"{'m1-1': 1.971, 'm2-1': 1.546, 'm3-1': 4.472, 'm4-1': 0.907}",4.638,22.251,23.797,inf,24.033,24.033
175,TT1,BESTEFFORT,CANCELLED,m4-1,18.938,"{'m1-1': 2.215, 'm2-1': 1.744, 'm3-1': 4.5, 'm4-1': 0.711}",0.0,inf,inf,inf,23.938,23.938
176,TT3,BESTEFFORT,CANCELLED,,19.146,"{'m1-1': 1.947, 'm2-1': 1.292, 'm3-1': 5.658, 'm4-1': 0.85}",0.0,inf,inf,inf,24.346,24.346
177,TT3,BESTEFFORT,CANCELLED,,19.148,"{'m1-1': 2.089, 'm2-1': 1.627, 'm3-1': 4.452, 'm4-1': 0.763}",0.0,inf,inf,inf,24.348,24.348
178,TT1,BESTEFFORT,CANCELLED,,19.511,"{'m1-1': 2.197, 'm2-1': 1.405, 'm3-1': 3.785, 'm4-1': 0.843}",0.0,inf,inf,inf,24.511,24.511
179,TT2,BESTEFFORT,COMPLETED,m4-1,19.63,"{'m1-1': 2.15, 'm2-1': 1.825, 'm3-1': 4.832, 'm4-1': 0.81}",1.215,22.162,22.971999999999998,inf,24.729999999999997,24.729999999999997
180,TT2,BESTEFFORT,COMPLETED,m4-1,19.709,"{'m1-1': 1.871, 'm2-1': 1.862, 'm3-1': 4.65, 'm4-1': 0.844}",1.266,21.317999999999998,22.162,inf,24.808999999999997,24.808999999999997
181,TT4,BESTEFFORT,CANCELLED,,19.766,"{'m1-1': 2.111, 'm2-1': 1.372, 'm3-1': 4.107, 'm4-1': 0.914}",0.0,inf,inf,inf,24.766,24.766
182,TT3,BESTEFFORT,MISSED,m2-1,19.877,"{'m1-1': 2.208, 'm2-1': 1.74, 'm3-1': 4.471, 'm4-1': 0.973}",3.8399999999999928,23.797,inf,25.076999999999998,25.076999999999998,25.076999999999998
183,TT4,BESTEFFORT,CANCELLED,,19.94,"{'m1-1': 2.086, 'm2-1': 1.671, 'm3-1': 4.428, 'm4-1': 1.005}",0.0,inf,inf,inf,24.94,24.94
184,TT4,BESTEFFORT,CANCELLED,,20.037,"{'m1-1': 1.834, 'm2-1': 1.514, 'm3-1': 3.981, 'm4-1': 0.853}",0.0,inf,inf,inf,25.037,25.037
185,TT1,BESTEFFORT,CANCELLED,,20.056,"{'m1-1': 2.605, 'm2-1': 1.673, 'm3-1': 4.233, 'm4-1': 0.789}",0.0,inf,inf,inf,25.056,25.056
186,TT4,BESTEFFORT,CANCELLED,,20.119,"{'m1-1': 2.296, 'm2-1': 1.684, 'm3-1': 4.212, 'm4-1': 0.929}",0.0,inf,inf,inf,25.119,25.119
187,TT4,BESTEFFORT,CANCELLED,,20.247,"{'m1-1': 2.224, 'm2-1': 1.558, 'm3-1': 4.161, 'm4-1': 0.896}",0.0,inf,inf,inf,25.247,25.247
188,TT1,BESTEFFORT,CANCELLED,m4-1,20.256,"{'m1-1': 2.216, 'm2-1': 1.699, 'm3-1': 4.361, 'm4-1': 0.724}",0.0,inf,inf,inf,25.256,25.256
189,TT3,BESTEFFORT,CANCELLED,,20.281,"{'m1-1': 2.386, 'm2-1': 1.696, 'm3-1': 4.45, 'm4-1': 0.733}",0.0,inf,inf,inf,25.480999999999998,25.480999999999998
190,TT3,BESTEFFORT,MISSED,m1-1,20.327,"{'m1-1': 2.352, 'm2-1': 1.749, 'm3-1': 4.576, 'm4-1': 0.874}",2.516800000000001,23.954,inf,25.527,25.527,25.527
191,TT2,BESTEFFORT,COMPLETED,m4-1,20.462,"{'m1-1': 2.062, 'm2-1': 1.546, 'm3-1': 3.692, 'm4-1': 0.946}",1.419,22.971999999999998,23.918,inf,25.561999999999998,25.561999999999998
192,TT3,BESTEFFORT,CANCELLED,,20.491,"{'m1-1': 2.127, 'm2-1': 1.307, 'm3-1': 5.481, 'm4-1': 0.806}",0.0,inf,inf,inf,25.691,25.691
193,TT4,BESTEFFORT,CANCELLED,,20.509,"{'m1-1': 2.397, 'm2-1': 1.703, 'm3-1': 4.428, 'm4-1': 1.022}",0.0,inf,inf,inf,25.509,25.509
194,TT3,BESTEFFORT,CANCELLED,,20.54,"{'m1-1': 2.205, 'm2-1': 1.601, 'm3-1': 5.0, 'm4-1': 0.821}",0.0,inf,inf,inf,25.74,25.74
195,TT3,BESTEFFORT,CANCELLED,,20.903,"{'m1-1': 1.819, 'm2-1': 1.497, 'm3-1': 4.935, 'm4-1': 0.816}",0.0,inf,inf,inf,26.102999999999998,26.102999999999998
196,TT4,BESTEFFORT,CANCELLED,,20.927,"{'m1-1': 2.18, 'm2-1': 1.86, 'm3-1': 4.289, 'm4-1': 1.032}",0.0,inf,inf,inf,25.927,25.927
197,TT2,BESTEFFORT,CANCELLED,,20.944,"{'m1-1': 2.438, 'm2-1': 1.99, 'm3-1': 3.654, 'm4-1': 0.766}",0.0,inf,inf,inf,26.043999999999997,26.043999999999997
198,TT4,BESTEFFORT,COMPLETED,m4-1,21.133,"{'m1-1': 2.384, 'm2-1': 1.737, 'm3-1': 4.966, 'm4-1': 0.839}",1.2585,23.918,24.756999999999998,inf,26.133,26.133
199,TT1,BESTEFFORT,MISSED,m3-1,21.157,"{'m1-1': 2.512, 'm2-1': 1.852, 'm3-1': 4.922, 'm4-1': 0.627}",6.9282,22.308,inf,26.157,26.157,26.157
200,TT1,BESTEFFORT,CANCELLED,,21.317,"{'m1-1': 2.068, 'm2-1': 1.626, 'm3-1': 4.061, 'm4-1': 0.791}",0.0,inf,inf,inf,26.317,26.317
201,TT2,BESTEFFORT,CANCELLED,,21.353,"{'m1-1': 2.346, 'm2-1': 2.054, 'm3-1': 4.398, 'm4-1': 0.933}",0.0,inf,inf,inf,26.453000000000003,26.453000000000003
202,TT2,BESTEFFORT,CANCELLED,,21.453,"{'m1-1': 2.079, 'm2-1': 1.753, 'm3-1': 4.451, 'm4-1': 0.914}",0.0,inf,inf,inf,26.552999999999997,26.552999999999997
203,TT2,BESTEFFORT,CANCELLED,,21.505,"{'m1-1': 2.629, 'm2-1': 2.032, 'm3-1': 3.875, 'm4-1': 0.76}",0.0,inf,inf,inf,26.604999999999997,26.604999999999997
204,TT4,BESTEFFORT,CANCELLED,,21.682,"{'m1-1': 2.39, 'm2-1': 1.705, 'm3-1': 4.917, 'm4-1': 0.967}",0.0,inf,inf,inf,26.682,26.682
205,TT1,BESTEFFORT,MISSED,m2-1,21.729,"{'m1-1': 2.473, 'm2-1': 1.959, 'm3-1': 3.888, 'm4-1': 0.68}",4.956000000000003,25.076999999999998,inf,26.729,26.729,26.729
206,TT1,BESTEFFORT,CANCELLED,,21.891,"{'m1-1': 2.257, 'm2-1': 1.497, 'm3-1': 3.853, 'm4-1': 0.61}",0.0,inf,inf,inf,26.891,26.891
207,TT4,BESTEFFORT,COMPLETED,m4-1,21.917,"{'m1-1': 2.197, 'm2-1': 1.506, 'm3-1': 3.891, 'm4-1': 0.786}",1.179,24.756999999999998,25.543,inf,26.917,26.917
208,TT1,BESTEFFORT,CANCELLED,,21.985,"{'m1-1': 1.929, 'm2-1': 1.41, 'm3-1': 3.902, 'm4-1': 0.824}",0.0,inf,inf,inf,26.985,26.985
209,TT2,BESTEFFORT,CANCELLED,,22.316,"{'m1-1': 1.943, 'm2-1': 1.599, 'm3-1': 4.886, 'm4-1': 0.882}",0.0,inf,inf,inf,27.415999999999997,27.415999999999997
210,TT2,BESTEFFORT,CANCELLED,,22.362,"{'m1-1': 2.134, 'm2-1': 1.964, 'm3-1': 4.213, 'm4-1': 0.791}",0.0,inf,inf,inf,27.461999999999996,27.461999999999996
211,TT1,BESTEFFORT,CANCELLED,,22.532,"{'m1-1': 2.286, 'm2-1': 1.61, 'm3-1': 4.986, 'm4-1': 0.724}",0.0,inf,inf,inf,27.532,27.532
212,TT3,BESTEFFORT,COMPLETED,m1-1,22.543,"{'m1-1': 1.854, 'm2-1': 1.432, 'm3-1': 5.469, 'm4-1': 0.88}",2.9664,25.527,27.381,inf,27.743,27.743
213,TT2,BESTEFFORT,CANCELLED,,22.73,"{'m1-1': 2.188, 'm2-1': 1.789, 'm3-1': 3.908, 'm4-1': 0.808}",0.0,inf,inf,inf,27.83,27.83
214,TT4,BESTEFFORT,COMPLETED,m4-1,22.826,"{'m1-1': 2.235, 'm2-1': 1.892, 'm3-1': 4.154, 'm4-1': 1.06}",1.59,25.543,26.602999999999998,inf,27.826,27.826
215,TT4,BESTEFFORT,MISSED,m2-1,22.951,"{'m1-1': 2.032, 'm2-1': 1.774, 'm3-1': 4.479, 'm4-1': 0.959}",3.666000000000004,26.729,inf,27.951,27.951,27.951
216,TT1,BESTEFFORT,CANCELLED,,23.194,"{'m1-1': 1.993, 'm2-1': 1.8, 'm3-1': 4.25, 'm4-1': 0.796}",0.0,inf,inf,inf,28.194,28.194
217,TT1,BESTEFFORT,CANCELLED,,23.214,"{'m1-1': 2.066, 'm2-1': 1.739, 'm3-1': 3.854, 'm4-1': 0.782}",0.0,inf,inf,inf,28.214,28.214
218,TT4,BESTEFFORT,CANCELLED,,23.468,"{'m1-1': 2.228, 'm2-1': 1.705, 'm3-1': 3.726, 'm4-1': 1.004}",0.0,inf,inf,inf,28.468,28.468
219,TT2,BESTEFFORT,CANCELLED,,23.739,"{'m1-1': 1.92, 'm2-1': 1.527, 'm3-1': 5.115, 'm4-1': 0.801}",0.0,inf,inf,inf,28.839,28.839
220,TT3,BESTEFFORT,CANCELLED,,23.776,"{'m1-1': 2.218, 'm2-1': 1.338, 'm3-1': 5.889, 'm4-1': 0.927}",0.0,inf,inf,inf,28.976,28.976
221,TT3,BESTEFFORT,CANCELLED,m4-1,23.808,"{'m1-1': 2.318, 'm2-1': 1.381, 'm3-1': 4.292, 'm4-1': 0.856}",0.0,inf,inf,inf,29.008,29.008
222,TT2,BESTEFFORT,CANCELLED,,23.826,"{'m1-1': 2.375, 'm2-1': 1.52, 'm3-1': 4.3, 'm4-1': 0.81}",0.0,inf,inf,inf,28.926000000000002,28.926000000000002
223,TT3,BESTEFFORT,CANCELLED,,23.929,"{'m1-1': 1.882, 'm2-1': 1.372, 'm3-1': 5.843, 'm4-1': 0.817}",0.0,inf,inf,inf,29.128999999999998,29.128999999999998
224,TT2,BESTEFFORT,CANCELLED,,24.015,"{'m1-1': 1.91, 'm2-1': 1.932, 'm3-1': 4.801, 'm4-1': 0.834}",0.0,inf,inf,inf,29.115000000000002,29.115000000000002
225,TT3,BESTEFFORT,COMPLETED,m2-1,24.189,"{'m1-1': 2.194, 'm2-1': 1.42, 'm3-1': 5.889, 'm4-1': 1.004}",4.26,27.951,29.371000000000002,inf,29.389,29.389
226,TT3,BESTEFFORT,COMPLETED,m1-1,24.495,"{'m1-1': 2.118, 'm2-1': 1.275, 'm3-1': 5.4, 'm4-1': 0.914}",3.3888,27.381,29.499,inf,29.695,29.695
227,TT4,BESTEFFORT,COMPLETED,m4-1,24.55,"{'m1-1': 1.934, 'm2-1': 1.761, 'm3-1': 4.764, 'm4-1': 1.009}",1.5134999999999998,26.602999999999998,27.612,inf,29.55,29.55
228,TT1,BESTEFFORT,COMPLETED,m4-1,24.7,"{'m1-1': 2.321, 'm2-1': 1.544, 'm3-1': 3.613, 'm4-1': 0.727}",1.0905,27.612,28.339,inf,29.7,29.7
229,TT4,BESTEFFORT,CANCELLED,,24.738,"{'m1-1': 1.767, 'm2-1': 1.867, 'm3-1': 3.934, 'm4-1': 0.828}",0.0,inf,inf,inf,29.738,29.738
230,TT3,BESTEFFORT,CANCELLED,,24.857,"{'m1-1': 2.152, 'm2-1': 1.338, 'm3-1': 4.417, 'm4-1': 0.78}",0.0,inf,inf,inf,30.057,30.057
231,TT3,BESTEFFORT,CANCELLED,,24.962,"{'m1-1': 2.161, 'm2-1': 1.362, 'm3-1': 4.877, 'm4-1': 0.962}",0.0,inf,inf,inf,30.162,30.162
232,TT4,BESTEFFORT,CANCELLED,,25.025,"{'m1-1': 1.742, 'm2-1': 1.716, 'm3-1': 4.997, 'm4-1': 0.828}",0.0,inf,inf,inf,30.025,30.025
233,TT4,BESTEFFORT,CANCELLED,,25.287,"{'m1-1': 2.304, 'm2-1': 1.799, 'm3-1': 3.668, 'm4-1': 1.068}",0.0,inf,inf,inf,30.287,30.287
234,TT2,BESTEFFORT,COMPLETED,m4-1,25.335,"{'m1-1': 1.972, 'm2-1': 1.578, 'm3-1': 4.919, 'm4-1': 1.014}",1.521,28.339,29.352999999999998,inf,30.435000000000002,30.435000000000002
235,TT1,BESTEFFORT,MISSED,m3-1,25.467,"{'m1-1': 2.015, 'm2-1': 1.888, 'm3-1': 4.714, 'm4-1': 0.813}",7.757999999999998,26.157,inf,30.467,30.467,30.467
236,TT2,BESTEFFORT,CANCELLED,,25.567,"{'m1-1': 2.439, 'm2-1': 1.54, 'm3-1': 4.511, 'm4-1': 0.899}",0.0,inf,inf,inf,30.667,30.667
237,TT2,BESTEFFORT,CANCELLED,,25.588,"{'m1-1': 2.076, 'm2-1': 1.535, 'm3-1': 4.946, 'm4-1': 0.954}",0.0,inf,inf,inf,30.688000000000002,30.688000000000002
238,TT1,BESTEFFORT,CANCELLED,,25.737,"{'m1-1': 2.201, 'm2-1': 1.623, 'm3-1': 4.369, 'm4-1': 0.695}",0.0,inf,inf,inf,30.737,30.737
239,TT3,BESTEFFORT,CANCELLED,,25.98,"{'m1-1': 1.96, 'm2-1': 1.568, 'm3-1': 5.91, 'm4-1': 0.935}",0.0,inf,inf,inf,31.18,31.18
240,TT4,BESTEFFORT,MISSED,m1-1,26.1,"{'m1-1': 2.175, 'm2-1': 1.558, 'm3-1': 3.807, 'm4-1': 0.916}",2.5616000000000043,29.499,inf,31.1,31.1,31.1
241,TT2,BESTEFFORT,COMPLETED,m2-1,26.117,"{'m1-1': 2.329, 'm2-1': 1.615, 'm3-1': 4.098, 'm4-1': 0.89}",4.845,29.371000000000002,30.986,inf,31.217,31.217
242,TT4,BESTEFFORT,CANCELLED,,26.131,"{'m1-1': 1.919, 'm2-1': 1.708, 'm3-1': 4.585, 'm4-1': 0.802}",0.0,inf,inf,inf,31.131,31.131
243,TT2,BESTEFFORT,CANCELLED,,26.153,"{'m1-1': 2.016, 'm2-1': 1.906, 'm3-1': 3.8, 'm4-1': 0.897}",0.0,inf,inf,inf,31.253,31.253
244,TT3,BESTEFFORT,CANCELLED,,26.165,"{'m1-1': 2.119, 'm2-1': 1.273, 'm3-1': 5.406, 'm4-1': 0.728}",0.0,inf,inf,inf,31.365,31.365
245,TT1,BESTEFFORT,CANCELLED,,26.264,"{'m1-1': 2.581, 'm2-1': 1.437, 'm3-1': 4.771, 'm4-1': 0.727}",0.0,inf,inf,inf,31.264,31.264
246,TT2,BESTEFFORT,CANCELLED,,26.33,"{'m1-1': 2.532, 'm2-1': 1.97, 'm3-1': 4.905, 'm4-1': 0.807}",0.0,inf,inf,inf,31.43,31.43
247,TT3,BESTEFFORT,CANCELLED,m4-1,26.497,"{'m1-1': 2.027, 'm2-1': 1.79, 'm3-1': 4.393, 'm4-1': 0.984}",0.0,inf,inf,inf,31.697,31.697
248,TT2,BESTEFFORT,CANCELLED,,26.53,"{'m1-1': 2.003, 'm2-1': 1.784, 'm3-1': 5.063, 'm4-1': 0.79}",0.0,inf,inf,inf,31.630000000000003,31.630000000000003
249,TT4,BESTEFFORT,CANCELLED,m4-1,26.701,"{'m1-1': 2.08, 'm2-1': 1.421, 'm3-1': 5.082, 'm4-1': 0.852}",0.0,inf,inf,inf,31.701,31.701
250,TT1,BESTEFFORT,COMPLETED,m4-1,26.718,"{'m1-1': 2.282, 'm2-1': 1.988, 'm3-1': 4.481, 'm4-1': 0.751}",1.1265,29.352999999999998,30.104,inf,31.718,31.718
251,TT3,BESTEFFORT,CANCELLED,,26.731,"{'m1-1': 1.915, 'm2-1': 1.554, 'm3-1': 4.427, 'm4-1': 0.883}",0.0,inf,inf,inf,31.931,31.931
252,TT3,BESTEFFORT,CANCELLED,,26.84,"{'m1-1': 2.165, 'm2-1': 1.273, 'm3-1': 5.936, 'm4-1': 0.767}",0.0,inf,inf,inf,32.04,32.04
253,TT1,BESTEFFORT,CANCELLED,,26.937,"{'m1-1': 1.981, 'm2-1': 1.467, 'm3-1': 4.873, 'm4-1': 0.763}",0.0,inf,inf,inf,31.937,31.937
254,TT1,BESTEFFORT,CANCELLED,,27.044,"{'m1-1': 2.462, 'm2-1': 1.567, 'm3-1': 3.734, 'm4-1': 0.643}",0.0,inf,inf,inf,32.044,32.044
255,TT4,BESTEFFORT,CANCELLED,m4-1,27.494,"{'m1-1': 2.026, 'm2-1': 1.829, 'm3-1': 3.933, 'm4-1': 1.066}",0.0,inf,inf,inf,32.494,32.494
256,TT3,BESTEFFORT,COMPLETED,m2-1,27.508,"{'m1-1': 1.773, 'm2-1': 1.277, 'm3-1': 5.551, 'm4-1': 0.744}",3.8309999999999995,30.986,32.263,inf,32.708,32.708
257,TT3,BESTEFFORT,CANCELLED,,27.659,"{'m1-1': 1.717, 'm2-1': 1.462, 'm3-1': 4.38, 'm4-1': 0.869}",0.0,inf,inf,inf,32.859,32.859
258,TT2,BESTEFFORT,MISSED,m1-1,27.992,"{'m1-1': 2.622, 'm2-1': 1.67, 'm3-1': 5.022, 'm4-1': 0.838}",3.187199999999996,31.1,inf,33.092,33.092,33.092
259,TT4,BESTEFFORT,CANCELLED,,27.995,"{'m1-1': 2.295, 'm2-1': 1.759, 'm3-1': 4.498, 'm4-1': 0.922}",0.0,inf,inf,inf,32.995000000000005,32.995000000000005
260,TT2,BESTEFFORT,COMPLETED,m4-1,28.206,"{'m1-1': 1.9, 'm2-1': 1.719, 'm3-1': 3.714, 'm4-1': 0.748}",1.1219999999999999,30.104,30.852,inf,33.306,33.306
261,TT4,BESTEFFORT,CANCELLED,m4-1,28.261,"{'m1-1': 2.418, 'm2-1': 1.808, 'm3-1': 4.856, 'm4-1': 1.013}",0.0,inf,inf,inf,33.260999999999996,33.260999999999996
262,TT4,BESTEFFORT,CANCELLED,,28.443,"{'m1-1': 2.114, 'm2-1': 1.687, 'm3-1': 4.323, 'm4-1': 0.759}",0.0,inf,inf,inf,33.443,33.443
263,TT2,BESTEFFORT,COMPLETED,m4-1,28.446,"{'m1-1': 2.004, 'm2-1': 1.88, 'm3-1': 5.025, 'm4-1': 0.969}",1.4535,30.852,31.821,inf,33.546,33.546
264,TT4,BESTEFFORT,CANCELLED,,28.503,"{'m1-1': 2.228, 'm2-1': 1.45, 'm3-1': 4.417, 'm4-1': 0.771}",0.0,inf,inf,inf,33.503,33.503
265,TT1,BESTEFFORT,CANCELLED,,28.568,"{'m1-1': 2.591, 'm2-1': 1.41, 'm3-1': 5.001, 'm4-1': 0.753}",0.0,inf,inf,inf,33.568,33.568
266,TT4,BESTEFFORT,MISSED,m3-1,28.785,"{'m1-1': 1.828, 'm2-1': 1.832, 'm3-1': 4.327, 'm4-1': 0.77}",5.972399999999996,30.467,inf,33.785,33.785,33.785
267,TT3,BESTEFFORT,CANCELLED,,28.815,"{'m1-1': 2.227, 'm2-1': 1.523, 'm3-1': 4.269, 'm4-1': 0.936}",0.0,inf,inf,inf,34.015,34.015
268,TT2,BESTEFFORT,COMPLETED,m4-1,28.889,"{'m1-1': 1.944, 'm2-1': 1.937, 'm3-1': 3.93, 'm4-1': 0.925}",1.3875000000000002,31.821,32.746,inf,33.989,33.989
269,TT1,BESTEFFORT,MISSED,m2-1,28.893,"{'m1-1': 2.032, 'm2-1': 1.787, 'm3-1': 4.878, 'm4-1': 0.697}",4.890000000000008,32.263,inf,33.893,33.893,33.893
270,TT2,BESTEFFORT,CANCELLED,,29.016,"{'m1-1': 2.249, 'm2-1': 1.609, 'm3-1': 4.956, 'm4-1': 0.949}",0.0,inf,inf,inf,34.116,34.116
271,TT2,BESTEFFORT,CANCELLED,,29.548,"{'m1-1': 1.932, 'm2-1': 2.111, 'm3-1': 4.818, 'm4-1': 0.94}",0.0,inf,inf,inf,34.647999999999996,34.647999999999996
272,TT2,BESTEFFORT,CANCELLED,,29.662,"{'m1-1': 2.425, 'm2-1': 1.603, 'm3-1': 4.887, 'm4-1': 0.733}",0.0,inf,inf,inf,34.762,34.762
273,TT2,BESTEFFORT,CANCELLED,,29.69,"{'m1-1': 2.278, 'm2-1': 1.903, 'm3-1': 4.743, 'm4-1': 0.829}",0.0,inf,inf,inf,34.79,34.79
274,TT1,BESTEFFORT,COMPLETED,m4-1,29.695,"{'m1-1': 2.59, 'm2-1': 1.512, 'm3-1': 4.027, 'm4-1': 0.799}",1.1985000000000001,32.746,33.545,inf,34.695,34.695
275,TT3,BESTEFFORT,COMPLETED,m1-1,30.01,"{'m1-1': 2.018, 'm2-1': 1.334, 'm3-1': 5.729, 'm4-1': 0.738}",3.2287999999999997,33.092,35.11,inf,35.21,35.21
276,TT4,BESTEFFORT,CANCELLED,,30.034,"{'m1-1': 1.928, 'm2-1': 1.47, 'm3-1': 3.982, 'm4-1': 0.785}",0.0,inf,inf,inf,35.034,35.034
277,TT3,BESTEFFORT,CANCELLED,,30.226,"{'m1-1': 2.056, 'm2-1': 1.74, 'm3-1': 5.603, 'm4-1': 0.977}",0.0,inf,inf,inf,35.426,35.426
278,TT4,BESTEFFORT,CANCELLED,,30.227,"{'m1-1': 1.807, 'm2-1': 1.819, 'm3-1': 4.981, 'm4-1': 0.908}",0.0,inf,inf,inf,35.227000000000004,35.227000000000004
279,TT1,BESTEFFORT,CANCELLED,,30.403,"{'m1-1': 2.045, 'm2-1': 1.82, 'm3-1': 4.981, 'm4-1': 0.711}",0.0,inf,inf,inf,35.403,35.403
280,TT2,BESTEFFORT,CANCELLED,,30.42,"{'m1-1': 2.565, 'm2-1': 1.657, 'm3-1': 4.194, 'm4-1': 0.907}",0.0,inf,inf,inf,35.52,35.52
281,TT3,BESTEFFORT,MISSED,m2-1,30.431,"{'m1-1': 2.054, 'm2-1': 1.75, 'm3-1': 5.115, 'm4-1': 0.981}",5.213999999999999,33.893,inf,35.631,35.631,35.631
282,TT3,BESTEFFORT,CANCELLED,m4-1,30.546,"{'m1-1': 1.851, 'm2-1': 1.266, 'm3-1': 4.263, 'm4-1': 0.774}",0.0,inf,inf,inf,35.746,35.746
283,TT1,BESTEFFORT,COMPLETED,m4-1,31.038,"{'m1-1': 2.576, 'm2-1': 1.742, 'm3-1': 5.067, 'm4-1': 0.673}",1.0095,33.545,34.218,inf,36.038,36.038
284,TT2,BESTEFFORT,CANCELLED,,31.043,"{'m1-1': 2.128, 'm2-1': 1.708, 'm3-1': 3.93, 'm4-1': 0.972}",0.0,inf,inf,inf,36.143,36.143
285,TT3,BESTEFFORT,CANCELLED,,31.144,"{'m1-1': 2.203, 'm2-1': 1.329, 'm3-1': 5.488, 'm4-1': 0.826}",0.0,inf,inf,inf,36.344,36.344
286,TT1,BESTEFFORT,CANCELLED,,31.145,"{'m1-1': 2.149, 'm2-1': 1.461, 'm3-1': 4.364, 'm4-1': 0.625}",0.0,inf,inf,inf,36.144999999999996,36.144999999999996
287,TT2,BESTEFFORT,CANCELLED,,31.334,"{'m1-1': 2.455, 'm2-1': 1.823, 'm3-1': 3.946, 'm4-1': 1.003}",0.0,inf,inf,inf,36.434,36.434
288,TT1,BESTEFFORT,CANCELLED,,31.567,"{'m1-1': 1.909, 'm2-1': 1.669, 'm3-1': 4.412, 'm4-1': 0.655}",0.0,inf,inf,inf,36.567,36.567
289,TT3,BESTEFFORT,CANCELLED,,31.597,"{'m1-1': 2.081, 'm2-1': 1.758, 'm3-1': 5.925, 'm4-1': 0.782}",0.0,inf,inf,inf,36.797000000000004,36.797000000000004
290,TT3,BESTEFFORT,CANCELLED,,31.716,"{'m1-1': 2.092, 'm2-1': 1.632, 'm3-1': 5.856, 'm4-1': 0.82}",0.0,inf,inf,inf,36.916000000000004,36.916000000000004
291,TT1,BESTEFFORT,COMPLETED,m4-1,31.741,"{'m1-1': 1.889, 'm2-1': 1.839, 'm3-1': 4.657, 'm4-1': 0.762}",1.143,34.218,34.980000000000004,inf,36.741,36.741
292,TT3,BESTEFFORT,MISSED,m1-1,31.767,"{'m1-1': 2.371, 'm2-1': 1.285, 'm3-1': 5.727, 'm4-1': 0.914}",2.971199999999999,35.11,inf,36.967,36.967,36.967
293,TT2,BESTEFFORT,CANCELLED,,31.799,"{'m1-1': 1.979, 'm2-1': 1.544, 'm3-1': 3.95, 'm4-1': 0.972}",0.0,inf,inf,inf,36.899,36.899
294,TT4,BESTEFFORT,CANCELLED,,31.884,"{'m1-1': 1.955, 'm2-1': 1.773, 'm3-1': 3.734, 'm4-1': 0.972}",0.0,inf,inf,inf,36.884,36.884
295,TT2,BESTEFFORT,CANCELLED,,32.018,"{'m1-1': 2.189, 'm2-1': 1.978, 'm3-1': 5.096, 'm4-1': 1.014}",0.0,inf,inf,inf,37.118,37.118
296,TT1,BESTEFFORT,CANCELLED,,32.081,"{'m1-1': 2.228, 'm2-1': 1.567, 'm3-1': 3.675, 'm4-1': 0.667}",0.0,inf,inf,inf,37.081,37.081
297,TT2,BESTEFFORT,COMPLETED,m2-1,32.227,"{'m1-1': 2.394, 'm2-1': 1.674, 'm3-1': 4.909, 'm4-1': 0.975}",5.022,35.631,37.305,inf,37.327,37.327
298,TT1,BESTEFFORT,CANCELLED,,32.407,"{'m1-1': 2.215, 'm2-1': 1.479, 'm3-1': 3.763, 'm4-1': 0.763}",0.0,inf,inf,inf,37.407,37.407
299,TT1,BESTEFFORT,CANCELLED,,32.41,"{'m1-1': 2.063, 'm2-1': 1.55, 'm3-1': 4.342, 'm4-1': 0.711}",0.0,inf,inf,inf,37.41,37.41
300,TT4,BESTEFFORT,CANCELLED,,32.601,"{'m1-1': 1.988, 'm2-1': 1.825, 'm3-1': 4.555, 'm4-1': 1.023}",0.0,inf,inf,inf,37.601,37.601
301,TT4,BESTEFFORT,COMPLETED,m4-1,32.615,"{'m1-1': 1.878, 'm2-1': 1.369, 'm3-1': 3.87, 'm4-1': 1.019}",1.5284999999999997,34.980000000000004,35.999,inf,37.615,37.615
302,TT2,BESTEFFORT,CANCELLED,,32.629,"{'m1-1': 2.017, 'm2-1': 1.77, 'm3-1': 3.82, 'm4-1': 0.933}",0.0,inf,inf,inf,37.729,37.729
303,TT2,BESTEFFORT,CANCELLED,,32.709,"{'m1-1': 2.2, 'm2-1': 1.576, 'm3-1': 4.44, 'm4-1': 1.014}",0.0,inf,inf,inf,37.809000000000005,37.809000000000005
304,TT4,BESTEFFORT,MISSED,m3-1,32.813,"{'m1-1': 2.379, 'm2-1': 1.833, 'm3-1': 5.049, 'm4-1': 1.0}",7.250400000000011,33.785,inf,37.813,37.813,37.813
305,TT3,BESTEFFORT,CANCELLED,,32.882,"{'m1-1': 2.392, 'm2-1': 1.78, 'm3-1': 5.343, 'm4-1': 0.918}",0.0,inf,inf,inf,38.082,38.082
306,TT3,BESTEFFORT,CANCELLED,,32.999,"{'m1-1': 2.269, 'm2-1': 1.407, 'm3-1': 4.528, 'm4-1': 0.796}",0.0,inf,inf,inf,38.199000000000005,38.199000000000005
307,TT4,BESTEFFORT,CANCELLED,,33.224,"{'m1-1': 1.922, 'm2-1': 1.353, 'm3-1': 4.487, 'm4-1': 0.987}",0.0,inf,inf,inf,38.224,38.224
308,TT2,BESTEFFORT,CANCELLED,m4-1,33.328,"{'m1-1': 2.293, 'm2-1': 1.894, 'm3-1': 4.703, 'm4-1': 0.845}",0.0,inf,inf,inf,38.428000000000004,38.428000000000004
309,TT1,BESTEFFORT,CANCELLED,m4-1,33.371,"{'m1-1': 2.565, 'm2-1': 1.685, 'm3-1': 3.993, 'm4-1': 0.684}",0.0,inf,inf,inf,38.371,38.371
310,TT2,BESTEFFORT,CANCELLED,m4-1,33.832,"{'m1-1': 1.933, 'm2-1': 1.776, 'm3-1': 3.707, 'm4-1': 0.907}",0.0,inf,inf,inf,38.932,38.932
311,TT4,BESTEFFORT,COMPLETED,m2-1,34.18,"{'m1-1': 2.17, 'm2-1': 1.692, 'm3-1': 4.52, 'm4-1': 0.891}",5.076,37.305,38.997,inf,39.18,39.18
312,TT1,BESTEFFORT,COMPLETED,m1-1,34.379,"{'m1-1': 2.242, 'm2-1': 1.403, 'm3-1': 4.233, 'm4-1': 0.823}",3.5872,36.967,39.208999999999996,inf,39.379,39.379
313,TT3,BESTEFFORT,CANCELLED,,34.44,"{'m1-1': 1.979, 'm2-1': 1.278, 'm3-1': 5.636, 'm4-1': 0.846}",0.0,inf,inf,inf,39.64,39.64
314,TT1,BESTEFFORT,CANCELLED,m4-1,34.501,"{'m1-1': 2.052, 'm2-1': 1.419, 'm3-1': 4.31, 'm4-1': 0.766}",0.0,inf,inf,inf,39.501,39.501
315,TT4,BESTEFFORT,COMPLETED,m4-1,34.586,"{'m1-1': 1.898, 'm2-1': 1.799, 'm3-1': 3.757, 'm4-1': 0.773}",1.1595,35.999,36.772000000000006,inf,39.586,39.586
316,TT2,BESTEFFORT,CANCELLED,m4-1,34.635,"{'m1-1': 2.34, 'm2-1': 1.644, 'm3-1': 3.707, 'm4-1': 0.938}",0.0,inf,inf,inf,39.735,39.735
317,TT1,BESTEFFORT,CANCELLED,m4-1,35.075,"{'m1-1': 2.215, 'm2-1': 1.803, 'm3-1': 3.777, 'm4-1': 0.687}",0.0,inf,inf,inf,40.075,40.075
318,TT3,BESTEFFORT,CANCELLED,m4-1,35.075,"{'m1-1': 2.43, 'm2-1': 1.681, 'm3-1': 5.396, 'm4-1': 1.009}",0.0,inf,inf,inf,40.275000000000006,40.275000000000006
319,TT2,BESTEFFORT,COMPLETED,m4-1,35.123,"{'m1-1': 2.127, 'm2-1': 1.723, 'm3-1': 4.21, 'm4-1': 1.005}",1.5074999999999998,36.772000000000006,37.77700000000001,inf,40.223,40.223
320,TT4,BESTEFFORT,COMPLETED,m4-1,35.179,"{'m1-1': 2.067, 'm2-1': 1.461, 'm3-1': 4.409, 'm4-1': 1.037}",1.5554999999999999,37.77700000000001,38.81400000000001,inf,40.179,40.179
321,TT3,BESTEFFORT,MISSED,m2-1,35.224,"{'m1-1': 2.157, 'm2-1': 1.62, 'm3-1': 5.201, 'm4-1': 0.947}",4.280999999999999,38.997,inf,40.424,40.424,40.424
322,TT3,BESTEFFORT,CANCELLED,,35.235,"{'m1-1': 2.331, 'm2-1': 1.587, 'm3-1': 4.805, 'm4-1': 0.997}",0.0,inf,inf,inf,40.435,40.435
323,TT2,BESTEFFORT,CANCELLED,,35.292,"{'m1-1': 2.268, 'm2-1': 1.677, 'm3-1': 4.692, 'm4-1': 0.736}",0.0,inf,inf,inf,40.392,40.392
324,TT3,BESTEFFORT,CANCELLED,,35.466,"{'m1-1': 2.143, 'm2-1': 1.746, 'm3-1': 5.22, 'm4-1': 0.831}",0.0,inf,inf,inf,40.666000000000004,40.666000000000004
325,TT4,BESTEFFORT,CANCELLED,,35.528,"{'m1-1': 2.429, 'm2-1': 1.504, 'm3-1': 4.592, 'm4-1': 0.984}",0.0,inf,inf,inf,40.528,40.528
326,TT2,BESTEFFORT,CANCELLED,m4-1,35.971,"{'m1-1': 2.103, 'm2-1': 2.099, 'm3-1': 3.69, 'm4-1': 0.909}",0.0,inf,inf,inf,41.071,41.071
327,TT1,BESTEFFORT,CANCELLED,,36.079,"{'m1-1': 2.287, 'm2-1': 1.93, 'm3-1': 4.64, 'm4-1': 0.753}",0.0,inf,inf,inf,41.079,41.079
328,TT2,BESTEFFORT,CANCELLED,,36.143,"{'m1-1': 2.301, 'm2-1': 1.887, 'm3-1': 4.767, 'm4-1': 0.83}",0.0,inf,inf,inf,41.243,41.243
329,TT2,BESTEFFORT,CANCELLED,,36.241,"{'m1-1': 2.525, 'm2-1': 1.676, 'm3-1': 3.721, 'm4-1': 0.954}",0.0,inf,inf,inf,41.341,41.341
330,TT1,BESTEFFORT,CANCELLED,,36.253,"{'m1-1': 2.528, 'm2-1': 1.482, 'm3-1': 4.353, 'm4-1': 0.755}",0.0,inf,inf,inf,41.253,41.253
331,TT2,BESTEFFORT,COMPLETED,m1-1,36.333,"{'m1-1': 2.037, 'm2-1': 1.764, 'm3-1': 3.807, 'm4-1': 0.891}",3.2592,39.208999999999996,41.245999999999995,inf,41.433,41.433
332,TT4,BESTEFFORT,CANCELLED,,36.504,"{'m1-1': 1.95, 'm2-1': 1.659, 'm3-1': 3.932, 'm4-1': 0.968}",0.0,inf,inf,inf,41.504,41.504
333,TT2,BESTEFFORT,COMPLETED,m3-1,36.538,"{'m1-1': 2.019, 'm2-1': 2.122, 'm3-1': 3.788, 'm4-1': 0.803}",6.8184,37.813,41.601,inf,41.638,41.638
334,TT2,BESTEFFORT,CANCELLED,m4-1,36.652,"{'m1-1': 2.416, 'm2-1': 1.791, 'm3-1': 5.004, 'm4-1': 0.829}",0.0,inf,inf,inf,41.752,41.752
335,TT2,BESTEFFORT,CANCELLED,,36.671,"{'m1-1': 2.481, 'm2-1': 2.009, 'm3-1': 5.016, 'm4-1': 1.003}",0.0,inf,inf,inf,41.771,41.771
336,TT4,BESTEFFORT,CANCELLED,,36.816,"{'m1-1': 2.355, 'm2-1': 1.487, 'm3-1': 4.258, 'm4-1': 0.877}",0.0,inf,inf,inf,41.816,41.816
337,TT1,BESTEFFORT,CANCELLED,,36.866,"{'m1-1': 2.083, 'm2-1': 1.522, 'm3-1': 5.018, 'm4-1': 0.639}",0.0,inf,inf,inf,41.866,41.866
338,TT3,BESTEFFORT,COMPLETED,m2-1,36.958,"{'m1-1': 1.969, 'm2-1': 1.364, 'm3-1': 5.551, 'm4-1': 0.85}",4.0920000000000005,40.424,41.788,inf,42.158,42.158
339,TT3,BESTEFFORT,CANCELLED,,37.027,"{'m1-1': 1.986, 'm2-1': 1.311, 'm3-1': 5.223, 'm4-1': 0.965}",0.0,inf,inf,inf,42.227000000000004,42.227000000000004
340,TT1,BESTEFFORT,CANCELLED,,37.064,"{'m1-1': 2.397, 'm2-1': 1.591, 'm3-1': 4.052, 'm4-1': 0.848}",0.0,inf,inf,inf,42.064,42.064
341,TT4,BESTEFFORT,CANCELLED,,37.07,"{'m1-1': 2.244, 'm2-1': 1.872, 'm3-1': 4.257, 'm4-1': 0.97}",0.0,inf,inf,inf,42.07,42.07
342,TT1,BESTEFFORT,CANCELLED,,37.106,"{'m1-1': 2.329, 'm2-1': 1.591, 'm3-1': 4.263, 'm4-1': 0.837}",0.0,inf,inf,inf,42.106,42.106
343,TT3,BESTEFFORT,CANCELLED,,37.167,"{'m1-1': 2.163, 'm2-1': 1.372, 'm3-1': 5.951, 'm4-1': 0.766}",0.0,inf,inf,inf,42.367000000000004,42.367000000000004
344,TT3,BESTEFFORT,CANCELLED,,37.201,"{'m1-1': 1.801, 'm2-1': 1.407, 'm3-1': 5.205, 'm4-1': 0.793}",0.0,inf,inf,inf,42.401,42.401
345,TT4,BESTEFFORT,CANCELLED,,37.356,"{'m1-1': 1.961, 'm2-1': 1.728, 'm3-1': 3.881, 'm4-1': 1.055}",0.0,inf,inf,inf,42.356,42.356
346,TT3,BESTEFFORT,CANCELLED,,37.395,"{'m1-1': 2.167, 'm2-1': 1.52, 'm3-1': 5.325, 'm4-1': 1.009}",0.0,inf,inf,inf,42.595000000000006,42.595000000000006
347,TT4,BESTEFFORT,CANCELLED,,37.442,"{'m1-1': 1.989, 'm2-1': 1.508, 'm3-1': 4.271, 'm4-1': 0.859}",0.0,inf,inf,inf,42.442,42.442
348,TT1,BESTEFFORT,COMPLETED,m4-1,37.494,"{'m1-1': 2.241, 'm2-1': 1.456, 'm3-1': 3.72, 'm4-1': 0.806}",1.209,38.81400000000001,39.620000000000005,inf,42.494,42.494
349,TT3,BESTEFFORT,CANCELLED,,37.499,"{'m1-1': 2.151, 'm2-1': 1.531, 'm3-1': 4.23, 'm4-1': 0.954}",0.0,inf,inf,inf,42.699000000000005,42.699000000000005
350,TT4,BESTEFFORT,COMPLETED,m4-1,37.721,"{'m1-1': 2.279, 'm2-1': 1.531, 'm3-1': 4.357, 'm4-1': 0.803}",1.2045000000000001,39.620000000000005,40.423,inf,42.721,42.721
351,TT3,BESTEFFORT,CANCELLED,,37.804,"{'m1-1': 1.999, 'm2-1': 1.318, 'm3-1': 4.989, 'm4-1': 0.965}",0.0,inf,inf,inf,43.004000000000005,43.004000000000005
352,TT2,BESTEFFORT,MISSED,m2-1,38.219,"{'m1-1': 2.26, 'm2-1': 1.728, 'm3-1': 4.929, 'm4-1': 0.91}",4.593000000000018,41.788,inf,43.319,43.319,43.319
353,TT1,BESTEFFORT,CANCELLED,m4-1,38.306,"{'m1-1': 2.585, 'm2-1': 1.517, 'm3-1': 4.538, 'm4-1': 0.694}",0.0,inf,inf,inf,43.306,43.306
354,TT4,BESTEFFORT,MISSED,m1-1,38.313,"{'m1-1': 2.376, 'm2-1': 1.534, 'm3-1': 4.933, 'm4-1': 0.933}",3.307200000000012,41.245999999999995,inf,43.313,43.313,43.313
355,TT2,BESTEFFORT,CANCELLED,,38.34,"{'m1-1': 2.024, 'm2-1': 1.788, 'm3-1': 3.79, 'm4-1': 0.795}",0.0,inf,inf,inf,43.440000000000005,43.440000000000005
356,TT1,BESTEFFORT,CANCELLED,,38.365,"{'m1-1': 1.86, 'm2-1': 1.8, 'm3-1': 3.995, 'm4-1': 0.838}",0.0,inf,inf,inf,43.365,43.365
357,TT2,BESTEFFORT,CANCELLED,m4-1,38.727,"{'m1-1': 2.565, 'm2-1': 1.831, 'm3-1': 4.572, 'm4-1': 0.766}",0.0,inf,inf,inf,43.827,43.827
358,TT1,BESTEFFORT,CANCELLED,m4-1,39.06,"{'m1-1': 1.868, 'm2-1': 1.948, 'm3-1': 3.881, 'm4-1': 0.688}",0.0,inf,inf,inf,44.06,44.06
359,TT4,BESTEFFORT,CANCELLED,,39.07,"{'m1-1': 1.861, 'm2-1': 1.827, 'm3-1': 3.817, 'm4-1': 0.899}",0.0,inf,inf,inf,44.07,44.07
360,TT3,BESTEFFORT,CANCELLED,,39.193,"{'m1-1': 2.095, 'm2-1': 1.527, 'm3-1': 5.345, 'm4-1': 0.832}",0.0,inf,inf,inf,44.393,44.393
361,TT4,BESTEFFORT,COMPLETED,m4-1,39.224,"{'m1-1': 2.077, 'm2-1': 1.756, 'm3-1': 4.88, 'm4-1': 1.016}",1.524,40.423,41.439,inf,44.224,44.224
362,TT1,BESTEFFORT,CANCELLED,m4-1,39.496,"{'m1-1': 2.443, 'm2-1': 1.787, 'm3-1': 4.506, 'm4-1': 0.765}",0.0,inf,inf,inf,44.496,44.496
363,TT3,BESTEFFORT,CANCELLED,m4-1,39.627,"{'m1-1': 1.758, 'm2-1': 1.557, 'm3-1': 4.576, 'm4-1': 0.735}",0.0,inf,inf,inf,44.827000000000005,44.827000000000005
364,TT1,BESTEFFORT,MISSED,m2-1,39.8,"{'m1-1': 2.153, 'm2-1': 1.764, 'm3-1': 4.433, 'm4-1': 0.616}",4.442999999999984,43.319,inf,44.8,44.8,44.8
365,TT2,BESTEFFORT,CANCELLED,m4-1,39.885,"{'m1-1': 2.043, 'm2-1': 1.636, 'm3-1': 3.82, 'm4-1': 0.826}",0.0,inf,inf,inf,44.985,44.985
366,TT1,BESTEFFORT,CANCELLED,,39.898,"{'m1-1': 2.439, 'm2-1': 1.639, 'm3-1': 4.402, 'm4-1': 0.619}",0.0,inf,inf,inf,44.898,44.898
367,TT2,BESTEFFORT,CANCELLED,m4-1,39.974,"{'m1-1': 2.249, 'm2-1': 1.712, 'm3-1': 3.835, 'm4-1': 0.769}",0.0,inf,inf,inf,45.074,45.074
368,TT1,BESTEFFORT,MISSED,m1-1,40.02,"{'m1-1': 2.12, 'm2-1': 1.787, 'm3-1': 4.508, 'm4-1': 0.806}",2.731200000000001,43.313,inf,45.02,45.02,45.02
369,TT1,BESTEFFORT,COMPLETED,m4-1,40.028,"{'m1-1': 2.094, 'm2-1': 1.702, 'm3-1': 4.495, 'm4-1': 0.715}",1.0725,41.439,42.154,inf,45.028,45.028
370,TT1,BESTEFFORT,CANCELLED,,40.195,"{'m1-1': 2.167, 'm2-1': 1.469, 'm3-1': 4.98, 'm4-1': 0.631}",0.0,inf,inf,inf,45.195,45.195
371,TT4,BESTEFFORT,CANCELLED,,40.205,"{'m1-1': 2.256, 'm2-1': 1.648, 'm3-1': 5.018, 'm4-1': 1.021}",0.0,inf,inf,inf,45.205,45.205
372,TT4,BESTEFFORT,CANCELLED,,40.45,"{'m1-1': 1.789, 'm2-1': 1.728, 'm3-1': 4.249, 'm4-1': 0.94}",0.0,inf,inf,inf,45.45,45.45
373,TT4,BESTEFFORT,CANCELLED,,40.454,"{'m1-1': 2.304, 'm2-1': 1.617, 'm3-1': 3.853, 'm4-1': 0.894}",0.0,inf,inf,inf,45.454,45.454
374,TT4,BESTEFFORT,COMPLETED,m4-1,40.472,"{'m1-1': 2.4, 'm2-1': 1.597, 'm3-1': 4.913, 'm4-1': 0.921}",1.3815,42.972,43.893,inf,45.472,45.472
375,TT2,BESTEFFORT,CANCELLED,,40.694,"{'m1-1': 2.361, 'm2-1': 1.645, 'm3-1': 4.572, 'm4-1': 0.8}",0.0,inf,inf,inf,45.794000000000004,45.794000000000004
376,TT1,BESTEFFORT,COMPLETED,m4-1,40.972,"{'m1-1': 2.618, 'm2-1': 1.649, 'm3-1': 4.725, 'm4-1': 0.818}",1.2269999999999999,42.154,42.972,inf,45.972,45.972
377,TT4,BESTEFFORT,MISSED,m2-1,41.291,"{'m1-1': 2.105, 'm2-1': 1.806, 'm3-1': 4.341, 'm4-1': 0.937}",4.472999999999999,44.8,inf,46.291,46.291,46.291
378,TT3,BESTEFFORT,CANCELLED,,41.314,"{'m1-1': 2.046, 'm2-1': 1.437, 'm3-1': 4.72, 'm4-1': 0.839}",0.0,inf,inf,inf,46.514,46.514
379,TT1,BESTEFFORT,COMPLETED,m3-1,41.32,"{'m1-1': 2.52, 'm2-1': 1.691, 'm3-1': 4.132, 'm4-1': 0.659}",7.4376,41.601,45.733,inf,46.32,46.32
380,TT4,BESTEFFORT,CANCELLED,m4-1,41.337,"{'m1-1': 2.322, 'm2-1': 1.456, 'm3-1': 3.799, 'm4-1': 1.039}",0.0,inf,inf,inf,46.337,46.337
381,TT4,BESTEFFORT,CANCELLED,,41.35,"{'m1-1': 2.309, 'm2-1': 1.6, 'm3-1': 4.258, 'm4-1': 1.01}",0.0,inf,inf,inf,46.35,46.35
382,TT1,BESTEFFORT,COMPLETED,m4-1,41.439,"{'m1-1': 2.521, 'm2-1': 1.95, 'm3-1': 4.778, 'm4-1': 0.751}",1.1265,43.893,44.644,inf,46.439,46.439
383,TT4,BESTEFFORT,CANCELLED,,41.445,"{'m1-1': 2.237, 'm2-1': 1.595, 'm3-1': 4.968, 'm4-1': 0.954}",0.0,inf,inf,inf,46.445,46.445
384,TT4,BESTEFFORT,CANCELLED,,41.584,"{'m1-1': 2.434, 'm2-1': 1.776, 'm3-1': 4.817, 'm4-1': 0.812}",0.0,inf,inf,inf,46.584,46.584
385,TT2,BESTEFFORT,CANCELLED,,41.717,"{'m1-1': 2.075, 'm2-1': 1.72, 'm3-1': 4.196, 'm4-1': 0.995}",0.0,inf,inf,inf,46.817,46.817
386,TT2,BESTEFFORT,CANCELLED,,41.791,"{'m1-1': 2.08, 'm2-1': 1.6, 'm3-1': 4.118, 'm4-1': 0.961}",0.0,inf,inf,inf,46.891,46.891
387,TT3,BESTEFFORT,CANCELLED,m4-1,41.813,"{'m1-1': 2.234, 'm2-1': 1.539, 'm3-1': 4.748, 'm4-1': 0.905}",0.0,inf,inf,inf,47.013000000000005,47.013000000000005
388,TT2,BESTEFFORT,CANCELLED,,41.847,"{'m1-1': 2.382, 'm2-1': 1.895, 'm3-1': 4.179, 'm4-1': 0.98}",0.0,inf,inf,inf,46.947,46.947
389,TT1,BESTEFFORT,COMPLETED,m4-1,42.157,"{'m1-1': 2.471, 'm2-1': 1.423, 'm3-1': 3.796, 'm4-1': 0.697}",1.0454999999999999,44.644,45.341,inf,47.157,47.157
390,TT2,BESTEFFORT,COMPLETED,m1-1,42.253,"{'m1-1': 2.305, 'm2-1': 1.945, 'm3-1': 4.729, 'm4-1': 0.975}",3.6880000000000006,45.02,47.325,inf,47.353,47.353
391,TT1,BESTEFFORT,CANCELLED,,42.453,"{'m1-1': 2.462, 'm2-1': 1.697, 'm3-1': 4.17, 'm4-1': 0.675}",0.0,inf,inf,inf,47.453,47.453
392,TT2,BESTEFFORT,CANCELLED,,42.48,"{'m1-1': 2.35, 'm2-1': 1.755, 'm3-1': 4.652, 'm4-1': 0.94}",0.0,inf,inf,inf,47.58,47.58
393,TT3,BESTEFFORT,CANCELLED,,42.51,"{'m1-1': 1.984, 'm2-1': 1.571, 'm3-1': 4.407, 'm4-1': 0.914}",0.0,inf,inf,inf,47.71,47.71
394,TT4,BESTEFFORT,CANCELLED,,42.87,"{'m1-1': 1.822, 'm2-1': 1.606, 'm3-1': 4.363, 'm4-1': 0.935}",0.0,inf,inf,inf,47.87,47.87
395,TT1,BESTEFFORT,CANCELLED,m4-1,42.929,"{'m1-1': 2.144, 'm2-1': 1.817, 'm3-1': 4.563, 'm4-1': 0.746}",0.0,inf,inf,inf,47.929,47.929
396,TT3,BESTEFFORT,CANCELLED,m4-1,43.063,"{'m1-1': 2.111, 'm2-1': 1.683, 'm3-1': 4.728, 'm4-1': 1.011}",0.0,inf,inf,inf,48.263000000000005,48.263000000000005
397,TT1,BESTEFFORT,CANCELLED,m4-1,43.211,"{'m1-1': 1.858, 'm2-1': 1.727, 'm3-1': 4.674, 'm4-1': 0.687}",0.0,inf,inf,inf,48.211,48.211
398,TT2,BESTEFFORT,COMPLETED,m2-1,43.601,"{'m1-1': 2.32, 'm2-1': 1.612, 'm3-1': 4.604, 'm4-1': 0.846}",4.836,46.291,47.903,inf,48.701,48.701
399,TT3,BESTEFFORT,CANCELLED,m4-1,44.022,"{'m1-1': 2.266, 'm2-1': 1.668, 'm3-1': 5.222, 'm4-1': 0.78}",0.0,inf,inf,inf,49.222,49.222
400,TT1,BESTEFFORT,CANCELLED,m4-1,44.09,"{'m1-1': 2.245, 'm2-1': 1.438, 'm3-1': 4.454, 'm4-1': 0.83}",0.0,inf,inf,inf,49.09,49.09
401,TT4,BESTEFFORT,MISSED,m1-1,44.187,"{'m1-1': 2.243, 'm2-1': 1.568, 'm3-1': 4.244, 'm4-1': 1.022}",2.9791999999999916,47.325,inf,49.187,49.187,49.187
402,TT4,BESTEFFORT,CANCELLED,,44.246,"{'m1-1': 2.305, 'm2-1': 1.536, 'm3-1': 4.249, 'm4-1': 0.862}",0.0,inf,inf,inf,49.246,49.246
403,TT2,BESTEFFORT,CANCELLED,,44.335,"{'m1-1': 2.526, 'm2-1': 1.705, 'm3-1': 4.174, 'm4-1': 0.931}",0.0,inf,inf,inf,49.435,49.435
404,TT2,BESTEFFORT,CANCELLED,,44.466,"{'m1-1': 2.492, 'm2-1': 1.565, 'm3-1': 5.016, 'm4-1': 0.906}",0.0,inf,inf,inf,49.566,49.566
405,TT2,BESTEFFORT,CANCELLED,,44.475,"{'m1-1': 2.403, 'm2-1': 2.113, 'm3-1': 4.04, 'm4-1': 0.911}",0.0,inf,inf,inf,49.575,49.575
406,TT3,BESTEFFORT,CANCELLED,,44.492,"{'m1-1': 1.982, 'm2-1': 1.545, 'm3-1': 5.56, 'm4-1': 0.925}",0.0,inf,inf,inf,49.692,49.692
407,TT1,BESTEFFORT,CANCELLED,,44.495,"{'m1-1': 2.59, 'm2-1': 1.416, 'm3-1': 3.664, 'm4-1': 0.831}",0.0,inf,inf,inf,49.495,49.495
408,TT3,BESTEFFORT,CANCELLED,,44.509,"{'m1-1': 2.152, 'm2-1': 1.69, 'm3-1': 4.947, 'm4-1': 0.724}",0.0,inf,inf,inf,49.709,49.709
409,TT4,BESTEFFORT,COMPLETED,m4-1,44.517,"{'m1-1': 1.925, 'm2-1': 1.648, 'm3-1': 4.213, 'm4-1': 0.859}",1.2885,45.341,46.2,inf,49.517,49.517
410,TT2,BESTEFFORT,COMPLETED,m4-1,44.561,"{'m1-1': 2.257, 'm2-1': 1.783, 'm3-1': 4.909, 'm4-1': 0.836}",1.254,47.062000000000005,47.898,inf,49.661,49.661
411,TT4,BESTEFFORT,COMPLETED,m4-1,44.671,"{'m1-1': 1.961, 'm2-1': 1.855, 'm3-1': 5.036, 'm4-1': 0.862}",1.293,46.2,47.062000000000005,inf,49.671,49.671
412,TT4,BESTEFFORT,MISSED,m3-1,44.925,"{'m1-1': 1.844, 'm2-1': 1.6, 'm3-1': 4.318, 'm4-1': 0.811}",7.5456,45.733,inf,49.925,49.925,49.925
413,TT1,BESTEFFORT,CANCELLED,,44.992,"{'m1-1': 2.301, 'm2-1': 1.61, 'm3-1': 4.902, 'm4-1': 0.712}",0.0,inf,inf,inf,49.992,49.992
414,TT3,BESTEFFORT,COMPLETED,m2-1,45.013,"{'m1-1': 1.887, 'm2-1': 1.523, 'm3-1': 5.202, 'm4-1': 0.796}",4.569,47.903,49.426,inf,50.213,50.213
415,TT2,BESTEFFORT,CANCELLED,,45.152,"{'m1-1': 2.36, 'm2-1': 1.802, 'm3-1': 4.144, 'm4-1': 0.937}",0.0,inf,inf,inf,50.252,50.252
416,TT4,BESTEFFORT,CANCELLED,m4-1,45.272,"{'m1-1': 1.959, 'm2-1': 1.63, 'm3-1': 5.049, 'm4-1': 1.042}",0.0,inf,inf,inf,50.272,50.272
417,TT3,BESTEFFORT,CANCELLED,,45.384,"{'m1-1': 1.766, 'm2-1': 1.656, 'm3-1': 4.441, 'm4-1': 0.731}",0.0,inf,inf,inf,50.584,50.584
418,TT1,BESTEFFORT,CANCELLED,,45.57,"{'m1-1': 2.012, 'm2-1': 1.907, 'm3-1': 4.005, 'm4-1': 0.842}",0.0,inf,inf,inf,50.57,50.57
419,TT1,BESTEFFORT,CANCELLED,,45.592,"{'m1-1': 2.354, 'm2-1': 1.543, 'm3-1': 4.205, 'm4-1': 0.697}",0.0,inf,inf,inf,50.592,50.592
420,TT3,BESTEFFORT,CANCELLED,,45.61,"{'m1-1': 2.03, 'm2-1': 1.319, 'm3-1': 5.424, 'm4-1': 0.773}",0.0,inf,inf,inf,50.81,50.81
421,TT4,BESTEFFORT,CANCELLED,,45.637,"{'m1-1': 2.152, 'm2-1': 1.822, 'm3-1': 5.057, 'm4-1': 0.812}",0.0,inf,inf,inf,50.637,50.637
422,TT1,BESTEFFORT,CANCELLED,,45.791,"{'m1-1': 2.248, 'm2-1': 1.654, 'm3-1': 4.775, 'm4-1': 0.853}",0.0,inf,inf,inf,50.791,50.791
423,TT1,BESTEFFORT,CANCELLED,m4-1,45.853,"{'m1-1': 2.072, 'm2-1': 1.774, 'm3-1': 4.553, 'm4-1': 0.81}",0.0,inf,inf,inf,50.853,50.853
424,TT4,BESTEFFORT,COMPLETED,m1-1,46.211,"{'m1-1': 2.011, 'm2-1': 1.648, 'm3-1': 4.887, 'm4-1': 0.866}",3.2176000000000005,49.187,51.198,inf,51.211,51.211
425,TT3,BESTEFFORT,COMPLETED,m2-1,46.257,"{'m1-1': 2.432, 'm2-1': 1.466, 'm3-1': 4.523, 'm4-1': 0.95}",4.398,49.426,50.892,inf,51.457,51.457
426,TT1,BESTEFFORT,CANCELLED,,46.301,"{'m1-1': 2.221, 'm2-1': 1.408, 'm3-1': 3.698, 'm4-1': 0.642}",0.0,inf,inf,inf,51.301,51.301
427,TT2,BESTEFFORT,COMPLETED,m4-1,46.509,"{'m1-1': 2.207, 'm2-1': 2.053, 'm3-1': 4.361, 'm4-1': 0.725}",1.0875,47.898,48.623000000000005,inf,51.609,51.609
428,TT2,BESTEFFORT,CANCELLED,,46.795,"{'m1-1': 2.092, 'm2-1': 1.846, 'm3-1': 4.951, 'm4-1': 1.013}",0.0,inf,inf,inf,51.895,51.895
429,TT4,BESTEFFORT,CANCELLED,,46.834,"{'m1-1': 2.367, 'm2-1': 1.88, 'm3-1': 3.741, 'm4-1': 0.765}",0.0,inf,inf,inf,51.834,51.834
430,TT3,BESTEFFORT,CANCELLED,,46.956,"{'m1-1': 1.967, 'm2-1': 1.319, 'm3-1': 5.197, 'm4-1': 1.001}",0.0,inf,inf,inf,52.156000000000006,52.156000000000006
431,TT2,BESTEFFORT,CANCELLED,m4-1,46.963,"{'m1-1': 2.122, 'm2-1': 1.828, 'm3-1': 4.674, 'm4-1': 0.936}",0.0,inf,inf,inf,52.063,52.063
432,TT3,BESTEFFORT,COMPLETED,m4-1,47.074,"{'m1-1': 1.794, 'm2-1': 1.7, 'm3-1': 5.416, 'm4-1': 0.857}",1.2854999999999999,48.623000000000005,49.480000000000004,inf,52.274,52.274
433,TT4,BESTEFFORT,CANCELLED,,47.115,"{'m1-1': 2.316, 'm2-1': 1.341, 'm3-1': 4.846, 'm4-1': 0.836}",0.0,inf,inf,inf,52.115,52.115
434,TT4,BESTEFFORT,CANCELLED,,47.265,"{'m1-1': 2.092, 'm2-1': 1.843, 'm3-1': 4.483, 'm4-1': 1.041}",0.0,inf,inf,inf,52.265,52.265
435,TT1,BESTEFFORT,CANCELLED,,47.296,"{'m1-1': 2.231, 'm2-1': 1.689, 'm3-1': 4.978, 'm4-1': 0.623}",0.0,inf,inf,inf,52.296,52.296
436,TT4,BESTEFFORT,CANCELLED,,47.358,"{'m1-1': 2.009, 'm2-1': 1.736, 'm3-1': 3.774, 'm4-1': 0.894}",0.0,inf,inf,inf,52.358,52.358
437,TT1,BESTEFFORT,CANCELLED,,47.398,"{'m1-1': 2.615, 'm2-1': 1.976, 'm3-1': 4.533, 'm4-1': 0.644}",0.0,inf,inf,inf,52.398,52.398
438,TT3,BESTEFFORT,COMPLETED,m4-1,47.421,"{'m1-1': 2.281, 'm2-1': 1.471, 'm3-1': 5.008, 'm4-1': 0.827}",1.2405,49.480000000000004,50.307,inf,52.621,52.621
439,TT3,BESTEFFORT,COMPLETED,m2-1,47.634,"{'m1-1': 2.22, 'm2-1': 1.633, 'm3-1': 4.617, 'm4-1': 0.909}",4.899,50.892,52.525000000000006,inf,52.834,52.834
440,TT1,BESTEFFORT,CANCELLED,m4-1,47.751,"{'m1-1': 2.286, 'm2-1': 1.87, 'm3-1': 3.86, 'm4-1': 0.836}",0.0,inf,inf,inf,52.751,52.751
441,TT1,BESTEFFORT,MISSED,m1-1,48.106,"{'m1-1': 2.319, 'm2-1': 1.847, 'm3-1': 4.716, 'm4-1': 0.632}",3.052800000000002,51.198,inf,53.106,53.106,53.106
442,TT1,BESTEFFORT,CANCELLED,,48.118,"{'m1-1': 2.397, 'm2-1': 1.598, 'm3-1': 3.659, 'm4-1': 0.634}",0.0,inf,inf,inf,53.118,53.118
443,TT3,BESTEFFORT,CANCELLED,m4-1,48.157,"{'m1-1': 2.051, 'm2-1': 1.6, 'm3-1': 5.813, 'm4-1': 0.931}",0.0,inf,inf,inf,53.357,53.357
444,TT4,BESTEFFORT,CANCELLED,,48.311,"{'m1-1': 2.366, 'm2-1': 1.709, 'm3-1': 3.921, 'm4-1': 0.807}",0.0,inf,inf,inf,53.311,53.311
445,TT4,BESTEFFORT,CANCELLED,,48.508,"{'m1-1': 2.087, 'm2-1': 1.348, 'm3-1': 3.763, 'm4-1': 1.061}",0.0,inf,inf,inf,53.508,53.508
446,TT2,BESTEFFORT,CANCELLED,m4-1,48.511,"{'m1-1': 2.582, 'm2-1': 1.949, 'm3-1': 4.338, 'm4-1': 0.938}",0.0,inf,inf,inf,53.611000000000004,53.611000000000004
447,TT1,BESTEFFORT,CANCELLED,m4-1,48.521,"{'m1-1': 2.287, 'm2-1': 1.764, 'm3-1': 4.395, 'm4-1': 0.73}",0.0,inf,inf,inf,53.521,53.521
448,TT2,BESTEFFORT,CANCELLED,,48.599,"{'m1-1': 2.132, 'm2-1': 1.571, 'm3-1': 3.799, 'm4-1': 1.007}",0.0,inf,inf,inf,53.699,53.699
449,TT1,BESTEFFORT,CANCELLED,,48.658,"{'m1-1': 2.167, 'm2-1': 1.685, 'm3-1': 4.432, 'm4-1': 0.787}",0.0,inf,inf,inf,53.658,53.658
450,TT2,BESTEFFORT,CANCELLED,,48.859,"{'m1-1': 2.298, 'm2-1': 2.111, 'm3-1': 3.773, 'm4-1': 0.76}",0.0,inf,inf,inf,53.959,53.959
451,TT4,BESTEFFORT,CANCELLED,,48.877,"{'m1-1': 1.854, 'm2-1': 1.845, 'm3-1': 4.463, 'm4-1': 0.773}",0.0,inf,inf,inf,53.877,53.877
452,TT3,BESTEFFORT,CANCELLED,m4-1,48.998,"{'m1-1': 1.891, 'm2-1': 1.275, 'm3-1': 5.849, 'm4-1': 0.795}",0.0,inf,inf,inf,54.198,54.198
453,TT2,BESTEFFORT,MISSED,m3-1,49.0,"{'m1-1': 2.182, 'm2-1': 1.528, 'm3-1': 4.872, 'm4-1': 0.797}",7.515000000000008,49.925,inf,54.1,54.1,54.1
454,TT2,BESTEFFORT,CANCELLED,,49.103,"{'m1-1': 2.607, 'm2-1': 1.667, 'm3-1': 5.111, 'm4-1': 0.811}",0.0,inf,inf,inf,54.203,54.203
455,TT4,BESTEFFORT,CANCELLED,,49.127,"{'m1-1': 1.79, 'm2-1': 1.421, 'm3-1': 3.862, 'm4-1': 0.941}",0.0,inf,inf,inf,54.127,54.127
456,TT4,BESTEFFORT,CANCELLED,,49.176,"{'m1-1': 1.743, 'm2-1': 1.564, 'm3-1': 4.639, 'm4-1': 0.778}",0.0,inf,inf,inf,54.176,54.176
457,TT3,BESTEFFORT,COMPLETED,m2-1,49.2,"{'m1-1': 1.91, 'm2-1': 1.471, 'm3-1': 4.622, 'm4-1': 0.902}",4.413,52.525000000000006,53.99600000000001,inf,54.400000000000006,54.400000000000006
458,TT4,BESTEFFORT,COMPLETED,m4-1,49.281,"{'m1-1': 2.335, 'm2-1': 1.851, 'm3-1': 4.161, 'm4-1': 0.903}",1.3545,51.077000000000005,51.980000000000004,inf,54.281,54.281
459,TT4,BESTEFFORT,COMPLETED,m4-1,49.377,"{'m1-1': 1.756, 'm2-1': 1.657, 'm3-1': 5.062, 'm4-1': 0.77}",1.155,50.307,51.077000000000005,inf,54.377,54.377
460,TT2,BESTEFFORT,CANCELLED,m4-1,49.483,"{'m1-1': 2.158, 'm2-1': 1.889, 'm3-1': 3.873, 'm4-1': 0.746}",0.0,inf,inf,inf,54.583,54.583
461,TT2,BESTEFFORT,CANCELLED,,49.531,"{'m1-1': 2.382, 'm2-1': 1.679, 'm3-1': 4.33, 'm4-1': 0.892}",0.0,inf,inf,inf,54.631,54.631
462,TT4,BESTEFFORT,COMPLETED,m4-1,49.56,"{'m1-1': 2.328, 'm2-1': 1.803, 'm3-1': 4.498, 'm4-1': 0.819}",1.2285,51.980000000000004,52.79900000000001,inf,54.56,54.56
463,TT2,BESTEFFORT,CANCELLED,,49.686,"{'m1-1': 2.296, 'm2-1': 1.866, 'm3-1': 3.788, 'm4-1': 0.781}",0.0,inf,inf,inf,54.786,54.786
464,TT1,BESTEFFORT,CANCELLED,,49.798,"{'m1-1': 1.857, 'm2-1': 1.654, 'm3-1': 4.39, 'm4-1': 0.619}",0.0,inf,inf,inf,54.798,54.798
465,TT3,BESTEFFORT,MISSED,m1-1,49.836,"{'m1-1': 1.982, 'm2-1': 1.369, 'm3-1': 5.621, 'm4-1': 0.976}",3.0879999999999996,53.106,inf,55.036,55.036,55.036
466,TT1,BESTEFFORT,CANCELLED,,49.879,"{'m1-1': 1.899, 'm2-1': 1.968, 'm3-1': 4.663, 'm4-1': 0.801}",0.0,inf,inf,inf,54.879,54.879
467,TT3,BESTEFFORT,CANCELLED,,50.121,"{'m1-1': 1.882, 'm2-1': 1.489, 'm3-1': 5.713, 'm4-1': 0.914}",0.0,inf,inf,inf,55.321000000000005,55.321000000000005
468,TT4,BESTEFFORT,CANCELLED,,50.146,"{'m1-1': 2.385, 'm2-1': 1.357, 'm3-1': 5.138, 'm4-1': 1.008}",0.0,inf,inf,inf,55.146,55.146
469,TT2,BESTEFFORT,CANCELLED,,50.167,"{'m1-1': 2.004, 'm2-1': 1.943, 'm3-1': 4.838, 'm4-1': 0.98}",0.0,inf,inf,inf,55.267,55.267
470,TT1,BESTEFFORT,COMPLETED,m4-1,50.202,"{'m1-1': 2.195, 'm2-1': 1.977, 'm3-1': 4.714, 'm4-1': 0.628}",0.942,52.79900000000001,53.42700000000001,inf,55.202,55.202
471,TT3,BESTEFFORT,CANCELLED,,50.211,"{'m1-1': 1.956, 'm2-1': 1.584, 'm3-1': 4.776, 'm4-1': 0.808}",0.0,inf,inf,inf,55.411,55.411
472,TT4,BESTEFFORT,CANCELLED,,50.213,"{'m1-1': 1.78, 'm2-1': 1.598, 'm3-1': 4.659, 'm4-1': 0.875}",0.0,inf,inf,inf,55.213,55.213
473,TT4,BESTEFFORT,CANCELLED,,50.338,"{'m1-1': 2.41, 'm2-1': 1.868, 'm3-1': 4.584, 'm4-1': 0.832}",0.0,inf,inf,inf,55.338,55.338
474,TT1,BESTEFFORT,CANCELLED,,50.362,"{'m1-1': 2.034, 'm2-1': 1.448, 'm3-1': 4.88, 'm4-1': 0.702}",0.0,inf,inf,inf,55.362,55.362
475,TT2,BESTEFFORT,CANCELLED,,50.442,"{'m1-1': 1.866, 'm2-1': 1.774, 'm3-1': 4.078, 'm4-1': 0.96}",0.0,inf,inf,inf,55.542,55.542
476,TT2,BESTEFFORT,CANCELLED,,50.698,"{'m1-1': 2.554, 'm2-1': 1.832, 'm3-1': 4.559, 'm4-1': 0.999}",0.0,inf,inf,inf,55.798,55.798
477,TT3,BESTEFFORT,COMPLETED,m2-1,50.805,"{'m1-1': 1.969, 'm2-1': 1.545, 'm3-1': 5.275, 'm4-1': 0.726}",4.635,53.99600000000001,55.54100000000001,inf,56.005,56.005
478,TT1,BESTEFFORT,COMPLETED,m4-1,50.922,"{'m1-1': 2.215, 'm2-1': 1.826, 'm3-1': 4.134, 'm4-1': 0.768}",1.1520000000000001,53.42700000000001,54.19500000000001,inf,55.922,55.922
479,TT4,BESTEFFORT,CANCELLED,,50.982,"{'m1-1': 2.198, 'm2-1': 1.386, 'm3-1': 3.983, 'm4-1': 0.969}",0.0,inf,inf,inf,55.982,55.982
480,TT3,BESTEFFORT,CANCELLED,,51.221,"{'m1-1': 2.094, 'm2-1': 1.485, 'm3-1': 4.896, 'm4-1': 0.821}",0.0,inf,inf,inf,56.421,56.421
481,TT4,BESTEFFORT,CANCELLED,m4-1,51.406,"{'m1-1': 1.737, 'm2-1': 1.396, 'm3-1': 4.74, 'm4-1': 0.866}",0.0,inf,inf,inf,56.406,56.406
482,TT3,BESTEFFORT,CANCELLED,,51.976,"{'m1-1': 1.979, 'm2-1': 1.271, 'm3-1': 5.173, 'm4-1': 0.883}",0.0,inf,inf,inf,57.176,57.176
483,TT1,BESTEFFORT,COMPLETED,m4-1,52.01,"{'m1-1': 2.576, 'm2-1': 1.668, 'm3-1': 4.449, 'm4-1': 0.849}",1.2734999999999999,54.19500000000001,55.044000000000004,inf,57.01,57.01
484,TT2,BESTEFFORT,MISSED,m1-1,52.233,"{'m1-1': 2.386, 'm2-1': 1.603, 'm3-1': 3.922, 'm4-1': 0.942}",3.6751999999999954,55.036,inf,57.333,57.333,57.333
485,TT1,BESTEFFORT,MISSED,m2-1,52.315,"{'m1-1': 1.988, 'm2-1': 1.961, 'm3-1': 4.917, 'm4-1': 0.716}",5.32199999999996,55.54100000000001,inf,57.315,57.315,57.315
486,TT2,BESTEFFORT,CANCELLED,,52.367,"{'m1-1': 2.558, 'm2-1': 1.576, 'm3-1': 4.901, 'm4-1': 1.006}",0.0,inf,inf,inf,57.467,57.467
487,TT2,BESTEFFORT,CANCELLED,,52.472,"{'m1-1': 2.316, 'm2-1': 1.636, 'm3-1': 4.089, 'm4-1': 0.972}",0.0,inf,inf,inf,57.572,57.572
488,TT2,BESTEFFORT,CANCELLED,,52.523,"{'m1-1': 2.264, 'm2-1': 1.719, 'm3-1': 4.533, 'm4-1': 1.016}",0.0,inf,inf,inf,57.623000000000005,57.623000000000005
489,TT3,BESTEFFORT,CANCELLED,,52.629,"{'m1-1': 1.977, 'm2-1': 1.786, 'm3-1': 5.282, 'm4-1': 0.993}",0.0,inf,inf,inf,57.829,57.829
490,TT3,BESTEFFORT,CANCELLED,,52.68,"{'m1-1': 2.333, 'm2-1': 1.765, 'm3-1': 5.488, 'm4-1': 1.0}",0.0,inf,inf,inf,57.88,57.88
491,TT2,BESTEFFORT,COMPLETED,m4-1,52.743,"{'m1-1': 2.116, 'm2-1': 2.059, 'm3-1': 4.179, 'm4-1': 0.89}",1.335,55.044000000000004,55.934000000000005,inf,57.843,57.843
492,TT4,BESTEFFORT,CANCELLED,,52.758,"{'m1-1': 2.093, 'm2-1': 1.852, 'm3-1': 4.167, 'm4-1': 1.001}",0.0,inf,inf,inf,57.758,57.758
493,TT3,BESTEFFORT,CANCELLED,,52.843,"{'m1-1': 2.32, 'm2-1': 1.736, 'm3-1': 5.568, 'm4-1': 0.798}",0.0,inf,inf,inf,58.043000000000006,58.043000000000006
494,TT2,BESTEFFORT,CANCELLED,,52.857,"{'m1-1': 2.442, 'm2-1': 1.694, 'm3-1': 4.269, 'm4-1': 0.766}",0.0,inf,inf,inf,57.957,57.957
495,TT4,BESTEFFORT,CANCELLED,,52.888,"{'m1-1': 2.414, 'm2-1': 1.678, 'm3-1': 4.532, 'm4-1': 0.814}",0.0,inf,inf,inf,57.888,57.888
496,TT2,BESTEFFORT,CANCELLED,,52.898,"{'m1-1': 1.873, 'm2-1': 1.944, 'm3-1': 4.031, 'm4-1': 0.916}",0.0,inf,inf,inf,57.998000000000005,57.998000000000005
497,TT4,BESTEFFORT,MISSED,m3-1,52.928,"{'m1-1': 2.194, 'm2-1': 1.867, 'm3-1': 4.357, 'm4-1': 0.93}",6.8903999999999925,54.1,inf,57.928,57.928,57.928
498,TT2,BESTEFFORT,CANCELLED,,52.945,"{'m1-1': 2.287, 'm2-1': 1.888, 'm3-1': 4.125, 'm4-1': 0.808}",0.0,inf,inf,inf,58.045,58.045
499,TT4,BESTEFFORT,CANCELLED,,53.149,"{'m1-1': 1.795, 'm2-1': 1.455, 'm3-1': 4.562, 'm4-1': 0.79}",0.0,inf,inf,inf,58.149,58.149
500,TT2,BESTEFFORT,CANCELLED,,53.202,"{'m1-1': 2.483, 'm2-1': 1.694, 'm3-1': 3.738, 'm4-1': 0.907}",0.0,inf,inf,inf,58.302,58.302
501,TT1,BESTEFFORT,CANCELLED,,53.218,"{'m1-1': 1.935, 'm2-1': 1.836, 'm3-1': 5.018, 'm4-1': 0.691}",0.0,inf,inf,inf,58.218,58.218
502,TT4,BESTEFFORT,CANCELLED,,53.269,"{'m1-1': 2.383, 'm2-1': 1.742, 'm3-1': 5.106, 'm4-1': 1.05}",0.0,inf,inf,inf,58.269,58.269
503,TT4,BESTEFFORT,CANCELLED,,53.38,"{'m1-1': 2.234, 'm2-1': 1.648, 'm3-1': 3.881, 'm4-1': 0.898}",0.0,inf,inf,inf,58.38,58.38
504,TT1,BESTEFFORT,COMPLETED,m4-1,53.423,"{'m1-1': 2.213, 'm2-1': 1.469, 'm3-1': 4.052, 'm4-1': 0.692}",1.0379999999999998,55.934000000000005,56.626000000000005,inf,58.423,58.423
505,TT1,BESTEFFORT,CANCELLED,,53.432,"{'m1-1': 2.617, 'm2-1': 1.841, 'm3-1': 4.477, 'm4-1': 0.769}",0.0,inf,inf,inf,58.432,58.432
506,TT3,BESTEFFORT,COMPLETED,m2-1,53.529,"{'m1-1': 2.167, 'm2-1': 1.385, 'm3-1': 5.28, 'm4-1': 0.793}",4.155,57.315,58.699999999999996,inf,58.729000000000006,58.729000000000006
507,TT2,BESTEFFORT,CANCELLED,,53.613,"{'m1-1': 2.351, 'm2-1': 2.105, 'm3-1': 4.515, 'm4-1': 0.941}",0.0,inf,inf,inf,58.713,58.713
508,TT3,BESTEFFORT,CANCELLED,,53.632,"{'m1-1': 2.194, 'm2-1': 1.476, 'm3-1': 5.898, 'm4-1': 0.771}",0.0,inf,inf,inf,58.832,58.832
509,TT2,BESTEFFORT,CANCELLED,,53.675,"{'m1-1': 2.479, 'm2-1': 1.734, 'm3-1': 4.98, 'm4-1': 0.788}",0.0,inf,inf,inf,58.775,58.775
510,TT3,BESTEFFORT,CANCELLED,,53.791,"{'m1-1': 2.04, 'm2-1': 1.63, 'm3-1': 5.885, 'm4-1': 0.823}",0.0,inf,inf,inf,58.991,58.991
511,TT1,BESTEFFORT,CANCELLED,,53.818,"{'m1-1': 2.009, 'm2-1': 1.9, 'm3-1': 4.454, 'm4-1': 0.707}",0.0,inf,inf,inf,58.818,58.818
512,TT3,BESTEFFORT,CANCELLED,,53.876,"{'m1-1': 1.817, 'm2-1': 1.581, 'm3-1': 4.8, 'm4-1': 0.95}",0.0,inf,inf,inf,59.076,59.076
513,TT4,BESTEFFORT,MISSED,m1-1,53.901,"{'m1-1': 2.173, 'm2-1': 1.693, 'm3-1': 3.834, 'm4-1': 0.899}",2.508800000000008,57.333,inf,58.901,58.901,58.901
514,TT1,BESTEFFORT,CANCELLED,,53.999,"{'m1-1': 2.118, 'm2-1': 1.434, 'm3-1': 4.303, 'm4-1': 0.627}",0.0,inf,inf,inf,58.999,58.999
515,TT2,BESTEFFORT,CANCELLED,,54.022,"{'m1-1': 2.236, 'm2-1': 2.01, 'm3-1': 4.881, 'm4-1': 0.841}",0.0,inf,inf,inf,59.122,59.122
516,TT1,BESTEFFORT,CANCELLED,m4-1,54.185,"{'m1-1': 2.577, 'm2-1': 1.651, 'm3-1': 4.374, 'm4-1': 0.71}",0.0,inf,inf,inf,59.185,59.185
517,TT1,BESTEFFORT,CANCELLED,,54.21,"{'m1-1': 2.227, 'm2-1': 1.676, 'm3-1': 4.167, 'm4-1': 0.74}",0.0,inf,inf,inf,59.21,59.21
518,TT1,BESTEFFORT,CANCELLED,,54.331,"{'m1-1': 1.872, 'm2-1': 1.963, 'm3-1': 4.874, 'm4-1': 0.822}",0.0,inf,inf,inf,59.331,59.331
519,TT3,BESTEFFORT,CANCELLED,,54.42,"{'m1-1': 1.996, 'm2-1': 1.749, 'm3-1': 4.72, 'm4-1': 0.914}",0.0,inf,inf,inf,59.620000000000005,59.620000000000005
520,TT1,BESTEFFORT,CANCELLED,,54.499,"{'m1-1': 2.499, 'm2-1': 1.97, 'm3-1': 4.406, 'm4-1': 0.811}",0.0,inf,inf,inf,59.499,59.499
521,TT4,BESTEFFORT,CANCELLED,,54.566,"{'m1-1': 1.933, 'm2-1': 1.701, 'm3-1': 4.886, 'm4-1': 0.891}",0.0,inf,inf,inf,59.566,59.566
522,TT1,BESTEFFORT,CANCELLED,,54.588,"{'m1-1': 2.618, 'm2-1': 1.586, 'm3-1': 4.165, 'm4-1': 0.671}",0.0,inf,inf,inf,59.588,59.588
523,TT4,BESTEFFORT,CANCELLED,,54.692,"{'m1-1': 2.383, 'm2-1': 1.645, 'm3-1': 3.838, 'm4-1': 0.881}",0.0,inf,inf,inf,59.692,59.692
524,TT1,BESTEFFORT,CANCELLED,m4-1,54.703,"{'m1-1': 2.567, 'm2-1': 1.699, 'm3-1': 4.606, 'm4-1': 0.63}",0.0,inf,inf,inf,59.703,59.703
525,TT4,BESTEFFORT,CANCELLED,,55.013,"{'m1-1': 2.006, 'm2-1': 1.863, 'm3-1': 3.869, 'm4-1': 0.81}",0.0,inf,inf,inf,60.013,60.013
526,TT4,BESTEFFORT,MISSED,m2-1,55.062,"{'m1-1': 2.032, 'm2-1': 1.577, 'm3-1': 3.989, 'm4-1': 0.902}",4.086000000000006,58.699999999999996,inf,60.062,60.062,60.062
527,TT4,BESTEFFORT,COMPLETED,m4-1,55.166,"{'m1-1': 2.234, 'm2-1': 1.518, 'm3-1': 4.023, 'm4-1': 0.957}",1.4355,56.626000000000005,57.583000000000006,inf,60.166,60.166
528,TT2,BESTEFFORT,COMPLETED,m4-1,55.511,"{'m1-1': 2.044, 'm2-1': 1.906, 'm3-1': 4.317, 'm4-1': 1.0}",1.5,57.583000000000006,58.583000000000006,inf,60.611000000000004,60.611000000000004
529,TT4,BESTEFFORT,CANCELLED,,55.599,"{'m1-1': 1.734, 'm2-1': 1.648, 'm3-1': 4.418, 'm4-1': 0.986}",0.0,inf,inf,inf,60.599,60.599
530,TT3,BESTEFFORT,CANCELLED,,55.638,"{'m1-1': 2.068, 'm2-1': 1.693, 'm3-1': 4.527, 'm4-1': 0.846}",0.0,inf,inf,inf,60.838,60.838
531,TT1,BESTEFFORT,CANCELLED,,55.658,"{'m1-1': 2.174, 'm2-1': 1.807, 'm3-1': 4.891, 'm4-1': 0.783}",0.0,inf,inf,inf,60.658,60.658
532,TT3,BESTEFFORT,COMPLETED,m1-1,55.801,"{'m1-1': 2.056, 'm2-1': 1.674, 'm3-1': 4.8, 'm4-1': 0.916}",3.2896,58.901,60.957,inf,61.001000000000005,61.001000000000005
533,TT2,BESTEFFORT,CANCELLED,,55.853,"{'m1-1': 2.137, 'm2-1': 1.959, 'm3-1': 4.063, 'm4-1': 0.796}",0.0,inf,inf,inf,60.953,60.953
534,TT1,BESTEFFORT,COMPLETED,m4-1,55.87,"{'m1-1': 2.025, 'm2-1': 1.672, 'm3-1': 4.045, 'm4-1': 0.638}",0.9570000000000001,58.583000000000006,59.221000000000004,inf,60.87,60.87
535,TT2,BESTEFFORT,CANCELLED,,55.908,"{'m1-1': 2.425, 'm2-1': 2.055, 'm3-1': 3.632, 'm4-1': 0.977}",0.0,inf,inf,inf,61.008,61.008
536,TT3,BESTEFFORT,CANCELLED,,56.022,"{'m1-1': 2.191, 'm2-1': 1.578, 'm3-1': 5.56, 'm4-1': 0.868}",0.0,inf,inf,inf,61.222,61.222
537,TT4,BESTEFFORT,CANCELLED,,56.05,"{'m1-1': 2.08, 'm2-1': 1.69, 'm3-1': 4.015, 'm4-1': 0.76}",0.0,inf,inf,inf,61.05,61.05
538,TT1,BESTEFFORT,CANCELLED,,56.126,"{'m1-1': 1.889, 'm2-1': 1.88, 'm3-1': 4.809, 'm4-1': 0.687}",0.0,inf,inf,inf,61.126,61.126
539,TT1,BESTEFFORT,CANCELLED,,56.247,"{'m1-1': 2.469, 'm2-1': 1.603, 'm3-1': 3.877, 'm4-1': 0.863}",0.0,inf,inf,inf,61.247,61.247
540,TT1,BESTEFFORT,CANCELLED,m4-1,56.261,"{'m1-1': 2.511, 'm2-1': 1.618, 'm3-1': 4.176, 'm4-1': 0.843}",0.0,inf,inf,inf,61.261,61.261
541,TT4,BESTEFFORT,COMPLETED,m2-1,56.504,"{'m1-1': 2.167, 'm2-1': 1.386, 'm3-1': 5.06, 'm4-1': 0.838}",4.1579999999999995,60.062,61.448,inf,61.504,61.504
542,TT3,BESTEFFORT,CANCELLED,,56.524,"{'m1-1': 1.873, 'm2-1': 1.389, 'm3-1': 5.026, 'm4-1': 0.883}",0.0,inf,inf,inf,61.724000000000004,61.724000000000004
543,TT4,BESTEFFORT,MISSED,m3-1,56.791,"{'m1-1': 1.807, 'm2-1': 1.829, 'm3-1': 4.357, 'm4-1': 0.848}",6.953399999999999,57.928,inf,61.791,61.791,61.791
544,TT2,BESTEFFORT,COMPLETED,m4-1,56.964,"{'m1-1': 2.542, 'm2-1': 1.982, 'm3-1': 4.1, 'm4-1': 0.938}",1.407,59.221000000000004,60.159000000000006,inf,62.064,62.064
545,TT1,BESTEFFORT,CANCELLED,,57.055,"{'m1-1': 1.883, 'm2-1': 1.87, 'm3-1': 4.291, 'm4-1': 0.845}",0.0,inf,inf,inf,62.055,62.055
546,TT1,BESTEFFORT,CANCELLED,,57.173,"{'m1-1': 2.342, 'm2-1': 1.922, 'm3-1': 3.948, 'm4-1': 0.833}",0.0,inf,inf,inf,62.173,62.173
547,TT4,BESTEFFORT,CANCELLED,,57.178,"{'m1-1': 1.732, 'm2-1': 1.856, 'm3-1': 3.873, 'm4-1': 0.802}",0.0,inf,inf,inf,62.178,62.178
548,TT1,BESTEFFORT,CANCELLED,,57.355,"{'m1-1': 2.03, 'm2-1': 1.9, 'm3-1': 3.922, 'm4-1': 0.84}",0.0,inf,inf,inf,62.355,62.355
549,TT1,BESTEFFORT,CANCELLED,,57.373,"{'m1-1': 2.013, 'm2-1': 1.497, 'm3-1': 4.234, 'm4-1': 0.745}",0.0,inf,inf,inf,62.373,62.373
550,TT2,BESTEFFORT,COMPLETED,m4-1,57.425,"{'m1-1': 2.482, 'm2-1': 2.133, 'm3-1': 3.637, 'm4-1': 0.911}",1.3665,60.159000000000006,61.07000000000001,inf,62.525,62.525
551,TT3,BESTEFFORT,MISSED,m2-1,57.823,"{'m1-1': 2.341, 'm2-1': 1.584, 'm3-1': 4.336, 'm4-1': 0.914}",4.7250000000000085,61.448,inf,63.023,63.023,63.023
552,TT2,BESTEFFORT,CANCELLED,,57.952,"{'m1-1': 2.086, 'm2-1': 1.661, 'm3-1': 4.418, 'm4-1': 0.766}",0.0,inf,inf,inf,63.052,63.052
553,TT2,BESTEFFORT,CANCELLED,,58.017,"{'m1-1': 1.973, 'm2-1': 1.963, 'm3-1': 3.97, 'm4-1': 0.9}",0.0,inf,inf,inf,63.117000000000004,63.117000000000004
554,TT2,BESTEFFORT,MISSED,m1-1,58.069,"{'m1-1': 2.24, 'm2-1': 1.588, 'm3-1': 3.79, 'm4-1': 0.972}",3.5392000000000055,60.957,inf,63.169000000000004,63.169000000000004,63.169000000000004
555,TT4,BESTEFFORT,CANCELLED,,58.086,"{'m1-1': 1.742, 'm2-1': 1.413, 'm3-1': 4.016, 'm4-1': 0.77}",0.0,inf,inf,inf,63.086,63.086
556,TT4,BESTEFFORT,CANCELLED,,58.148,"{'m1-1': 2.298, 'm2-1': 1.529, 'm3-1': 3.814, 'm4-1': 0.953}",0.0,inf,inf,inf,63.148,63.148
557,TT1,BESTEFFORT,CANCELLED,,58.178,"{'m1-1': 2.622, 'm2-1': 1.977, 'm3-1': 3.861, 'm4-1': 0.835}",0.0,inf,inf,inf,63.178,63.178
558,TT3,BESTEFFORT,CANCELLED,,58.186,"{'m1-1': 1.909, 'm2-1': 1.429, 'm3-1': 5.697, 'm4-1': 0.834}",0.0,inf,inf,inf,63.386,63.386
559,TT3,BESTEFFORT,CANCELLED,,58.249,"{'m1-1': 1.884, 'm2-1': 1.784, 'm3-1': 4.528, 'm4-1': 0.937}",0.0,inf,inf,inf,63.449000000000005,63.449000000000005
560,TT3,BESTEFFORT,CANCELLED,m4-1,58.517,"{'m1-1': 2.398, 'm2-1': 1.295, 'm3-1': 4.293, 'm4-1': 0.926}",0.0,inf,inf,inf,63.717000000000006,63.717000000000006
561,TT3,BESTEFFORT,CANCELLED,,58.746,"{'m1-1': 1.889, 'm2-1': 1.509, 'm3-1': 4.374, 'm4-1': 0.82}",0.0,inf,inf,inf,63.946000000000005,63.946000000000005
562,TT1,BESTEFFORT,COMPLETED,m4-1,58.849,"{'m1-1': 2.552, 'm2-1': 1.432, 'm3-1': 4.231, 'm4-1': 0.672}",1.008,61.07000000000001,61.742000000000004,inf,63.849,63.849
563,TT3,BESTEFFORT,CANCELLED,,58.912,"{'m1-1': 2.08, 'm2-1': 1.58, 'm3-1': 5.843, 'm4-1': 0.792}",0.0,inf,inf,inf,64.112,64.112
564,TT1,BESTEFFORT,COMPLETED,m4-1,59.059,"{'m1-1': 2.464, 'm2-1': 1.746, 'm3-1': 3.851, 'm4-1': 0.744}",1.116,61.742000000000004,62.486000000000004,inf,64.059,64.059
565,TT4,BESTEFFORT,CANCELLED,,59.062,"{'m1-1': 1.975, 'm2-1': 1.529, 'm3-1': 3.891, 'm4-1': 0.966}",0.0,inf,inf,inf,64.062,64.062
566,TT4,BESTEFFORT,CANCELLED,,59.47,"{'m1-1': 2.187, 'm2-1': 1.453, 'm3-1': 3.863, 'm4-1': 0.902}",0.0,inf,inf,inf,64.47,64.47
567,TT2,BESTEFFORT,COMPLETED,m2-1,59.776,"{'m1-1': 1.994, 'm2-1': 1.791, 'm3-1': 3.63, 'm4-1': 1.005}",5.372999999999999,63.023,64.81400000000001,inf,64.876,64.876
568,TT4,BESTEFFORT,CANCELLED,,59.861,"{'m1-1': 2.102, 'm2-1': 1.497, 'm3-1': 4.908, 'm4-1': 0.994}",0.0,inf,inf,inf,64.86099999999999,64.86099999999999
569,TT2,BESTEFFORT,CANCELLED,,59.935,"{'m1-1': 1.895, 'm2-1': 1.966, 'm3-1': 4.201, 'm4-1': 0.825}",0.0,inf,inf,inf,65.035,65.035
570,TT1,BESTEFFORT,COMPLETED,m4-1,59.973,"{'m1-1': 2.369, 'm2-1': 1.604, 'm3-1': 4.548, 'm4-1': 0.687}",1.0305,62.486000000000004,63.173,inf,64.973,64.973
571,TT3,BESTEFFORT,COMPLETED,m1-1,60.144,"{'m1-1': 1.851, 'm2-1': 1.715, 'm3-1': 5.526, 'm4-1': 0.869}",2.9616000000000002,63.169000000000004,65.02000000000001,inf,65.344,65.344
572,TT3,BESTEFFORT,CANCELLED,,60.269,"{'m1-1': 2.017, 'm2-1': 1.447, 'm3-1': 5.843, 'm4-1': 0.805}",0.0,inf,inf,inf,65.469,65.469
573,TT2,BESTEFFORT,CANCELLED,,60.335,"{'m1-1': 2.413, 'm2-1': 1.768, 'm3-1': 4.993, 'm4-1': 0.766}",0.0,inf,inf,inf,65.435,65.435
574,TT3,BESTEFFORT,CANCELLED,,60.574,"{'m1-1': 2.393, 'm2-1': 1.66, 'm3-1': 5.419, 'm4-1': 0.763}",0.0,inf,inf,inf,65.774,65.774
575,TT4,BESTEFFORT,MISSED,m3-1,60.669,"{'m1-1': 2.289, 'm2-1': 1.366, 'm3-1': 3.93, 'm4-1': 0.917}",6.9804,61.791,inf,65.669,65.669,65.669
576,TT3,BESTEFFORT,CANCELLED,,60.734,"{'m1-1': 2.132, 'm2-1': 1.544, 'm3-1': 5.684, 'm4-1': 0.819}",0.0,inf,inf,inf,65.934,65.934
577,TT2,BESTEFFORT,CANCELLED,,60.746,"{'m1-1': 2.313, 'm2-1': 1.743, 'm3-1': 3.98, 'm4-1': 0.863}",0.0,inf,inf,inf,65.846,65.846
578,TT1,BESTEFFORT,CANCELLED,,60.797,"{'m1-1': 2.605, 'm2-1': 1.404, 'm3-1': 4.86, 'm4-1': 0.643}",0.0,inf,inf,inf,65.797,65.797
579,TT1,BESTEFFORT,CANCELLED,,60.834,"{'m1-1': 2.173, 'm2-1': 1.752, 'm3-1': 4.233, 'm4-1': 0.633}",0.0,inf,inf,inf,65.834,65.834
580,TT2,BESTEFFORT,CANCELLED,,60.946,"{'m1-1': 2.055, 'm2-1': 2.065, 'm3-1': 3.75, 'm4-1': 0.795}",0.0,inf,inf,inf,66.04599999999999,66.04599999999999
581,TT1,BESTEFFORT,COMPLETED,m4-1,60.967,"{'m1-1': 2.574, 'm2-1': 1.714, 'm3-1': 4.683, 'm4-1': 0.861}",1.2915,63.173,64.034,inf,65.967,65.967
582,TT2,BESTEFFORT,MISSED,m2-1,61.287,"{'m1-1': 2.424, 'm2-1': 2.006, 'm3-1': 4.778, 'm4-1': 0.72}",4.71899999999998,64.81400000000001,inf,66.387,66.387,66.387
583,TT3,BESTEFFORT,CANCELLED,,61.443,"{'m1-1': 2.417, 'm2-1': 1.448, 'm3-1': 4.639, 'm4-1': 0.927}",0.0,inf,inf,inf,66.643,66.643
584,TT2,BESTEFFORT,CANCELLED,,61.469,"{'m1-1': 2.079, 'm2-1': 1.823, 'm3-1': 4.658, 'm4-1': 0.894}",0.0,inf,inf,inf,66.569,66.569
585,TT1,BESTEFFORT,CANCELLED,m4-1,61.658,"{'m1-1': 2.54, 'm2-1': 1.647, 'm3-1': 4.699, 'm4-1': 0.616}",0.0,inf,inf,inf,66.658,66.658
586,TT4,BESTEFFORT,CANCELLED,,61.88,"{'m1-1': 1.837, 'm2-1': 1.401, 'm3-1': 4.34, 'm4-1': 0.948}",0.0,inf,inf,inf,66.88,66.88
587,TT2,BESTEFFORT,MISSED,m1-1,62.013,"{'m1-1': 2.316, 'm2-1': 2.095, 'm3-1': 4.703, 'm4-1': 0.777}",3.348799999999983,65.02000000000001,inf,67.113,67.113,67.113
588,TT4,BESTEFFORT,CANCELLED,,62.13,"{'m1-1': 2.195, 'm2-1': 1.693, 'm3-1': 4.485, 'm4-1': 0.759}",0.0,inf,inf,inf,67.13,67.13
589,TT4,BESTEFFORT,COMPLETED,m4-1,62.25,"{'m1-1': 2.421, 'm2-1': 1.512, 'm3-1': 3.995, 'm4-1': 0.904}",1.356,64.034,64.938,inf,67.25,67.25
590,TT1,BESTEFFORT,CANCELLED,,62.351,"{'m1-1': 1.884, 'm2-1': 1.489, 'm3-1': 3.776, 'm4-1': 0.674}",0.0,inf,inf,inf,67.351,67.351
591,TT1,BESTEFFORT,CANCELLED,,62.417,"{'m1-1': 1.906, 'm2-1': 1.878, 'm3-1': 4.266, 'm4-1': 0.653}",0.0,inf,inf,inf,67.417,67.417
592,TT3,BESTEFFORT,MISSED,m2-1,62.631,"{'m1-1': 1.801, 'm2-1': 1.698, 'm3-1': 4.987, 'm4-1': 0.803}",4.332000000000008,66.387,inf,67.831,67.831,67.831
593,TT1,BESTEFFORT,CANCELLED,,62.644,"{'m1-1': 2.358, 'm2-1': 1.618, 'm3-1': 4.25, 'm4-1': 0.816}",0.0,inf,inf,inf,67.644,67.644
594,TT4,BESTEFFORT,COMPLETED,m4-1,62.703,"{'m1-1': 1.779, 'm2-1': 1.597, 'm3-1': 4.779, 'm4-1': 0.879}",1.3185,64.938,65.81700000000001,inf,67.703,67.703
595,TT3,BESTEFFORT,CANCELLED,m4-1,63.04,"{'m1-1': 1.844, 'm2-1': 1.287, 'm3-1': 5.03, 'm4-1': 0.807}",0.0,inf,inf,inf,68.24,68.24
596,TT2,BESTEFFORT,COMPLETED,m4-1,63.178,"{'m1-1': 2.043, 'm2-1': 1.575, 'm3-1': 4.59, 'm4-1': 0.904}",1.356,65.81700000000001,66.721,inf,68.27799999999999,68.27799999999999
597,TT2,BESTEFFORT,CANCELLED,,63.454,"{'m1-1': 2.238, 'm2-1': 1.753, 'm3-1': 4.821, 'm4-1': 0.824}",0.0,inf,inf,inf,68.554,68.554
598,TT4,BESTEFFORT,CANCELLED,,63.612,"{'m1-1': 1.911, 'm2-1': 1.599, 'm3-1': 4.521, 'm4-1': 0.898}",0.0,inf,inf,inf,68.612,68.612
599,TT2,BESTEFFORT,CANCELLED,,63.742,"{'m1-1': 2.61, 'm2-1': 1.743, 'm3-1': 4.364, 'm4-1': 0.888}",0.0,inf,inf,inf,68.842,68.842
600,TT4,BESTEFFORT,COMPLETED,m4-1,63.851,"{'m1-1': 2.063, 'm2-1': 1.677, 'm3-1': 5.053, 'm4-1': 0.781}",1.1715,66.721,67.50200000000001,inf,68.851,68.851
601,TT3,BESTEFFORT,CANCELLED,,63.969,"{'m1-1': 1.944, 'm2-1': 1.748, 'm3-1': 5.615, 'm4-1': 0.767}",0.0,inf,inf,inf,69.169,69.169
602,TT3,BESTEFFORT,COMPLETED,m1-1,64.125,"{'m1-1': 1.858, 'm2-1': 1.72, 'm3-1': 4.839, 'm4-1': 0.731}",2.9728000000000003,67.113,68.971,inf,69.325,69.325
603,TT2,BESTEFFORT,CANCELLED,,64.132,"{'m1-1': 2.157, 'm2-1': 1.791, 'm3-1': 4.269, 'm4-1': 0.782}",0.0,inf,inf,inf,69.232,69.232
604,TT1,BESTEFFORT,CANCELLED,,64.211,"{'m1-1': 2.119, 'm2-1': 1.758, 'm3-1': 3.724, 'm4-1': 0.763}",0.0,inf,inf,inf,69.211,69.211
605,TT2,BESTEFFORT,COMPLETED,m2-1,64.422,"{'m1-1': 2.525, 'm2-1': 1.585, 'm3-1': 3.667, 'm4-1': 0.882}",4.755,67.831,69.416,inf,69.52199999999999,69.52199999999999
606,TT4,BESTEFFORT,COMPLETED,m4-1,64.539,"{'m1-1': 2.45, 'm2-1': 1.762, 'm3-1': 4.673, 'm4-1': 0.988}",1.482,67.50200000000001,68.49000000000001,inf,69.539,69.539
607,TT1,BESTEFFORT,COMPLETED,m3-1,65.023,"{'m1-1': 2.4, 'm2-1': 1.924, 'm3-1': 3.797, 'm4-1': 0.695}",6.8346,65.669,69.466,inf,70.023,70.023
608,TT1,BESTEFFORT,CANCELLED,,65.17,"{'m1-1': 2.54, 'm2-1': 1.9, 'm3-1': 4.025, 'm4-1': 0.738}",0.0,inf,inf,inf,70.17,70.17
609,TT4,BESTEFFORT,CANCELLED,,65.174,"{'m1-1': 1.961, 'm2-1': 1.487, 'm3-1': 4.732, 'm4-1': 0.828}",0.0,inf,inf,inf,70.174,70.174
610,TT3,BESTEFFORT,CANCELLED,,65.201,"{'m1-1': 2.271, 'm2-1': 1.548, 'm3-1': 4.783, 'm4-1': 0.717}",0.0,inf,inf,inf,70.401,70.401
611,TT4,BESTEFFORT,CANCELLED,,65.246,"{'m1-1': 1.883, 'm2-1': 1.753, 'm3-1': 3.663, 'm4-1': 0.91}",0.0,inf,inf,inf,70.246,70.246
612,TT2,BESTEFFORT,CANCELLED,,65.365,"{'m1-1': 2.262, 'm2-1': 1.829, 'm3-1': 4.958, 'm4-1': 0.918}",0.0,inf,inf,inf,70.46499999999999,70.46499999999999
613,TT1,BESTEFFORT,CANCELLED,,65.437,"{'m1-1': 2.622, 'm2-1': 1.601, 'm3-1': 4.597, 'm4-1': 0.822}",0.0,inf,inf,inf,70.437,70.437
614,TT3,BESTEFFORT,MISSED,m2-1,65.741,"{'m1-1': 1.936, 'm2-1': 1.729, 'm3-1': 4.463, 'm4-1': 1.005}",4.575000000000017,69.416,inf,70.941,70.941,70.941
615,TT2,BESTEFFORT,COMPLETED,m4-1,65.781,"{'m1-1': 1.971, 'm2-1': 1.655, 'm3-1': 4.085, 'm4-1': 0.721}",1.0815,68.49000000000001,69.21100000000001,inf,70.881,70.881
616,TT3,BESTEFFORT,CANCELLED,,65.783,"{'m1-1': 2.293, 'm2-1': 1.369, 'm3-1': 4.268, 'm4-1': 0.883}",0.0,inf,inf,inf,70.983,70.983
617,TT1,BESTEFFORT,COMPLETED,m1-1,66.009,"{'m1-1': 1.885, 'm2-1': 1.58, 'm3-1': 3.832, 'm4-1': 0.613}",3.016,68.971,70.85600000000001,inf,71.009,71.009
618,TT4,BESTEFFORT,CANCELLED,,66.14,"{'m1-1': 2.068, 'm2-1': 1.764, 'm3-1': 3.93, 'm4-1': 0.812}",0.0,inf,inf,inf,71.14,71.14
619,TT4,BESTEFFORT,CANCELLED,,66.293,"{'m1-1': 2.302, 'm2-1': 1.797, 'm3-1': 3.788, 'm4-1': 0.953}",0.0,inf,inf,inf,71.293,71.293
620,TT1,BESTEFFORT,CANCELLED,,66.317,"{'m1-1': 2.1, 'm2-1': 1.802, 'm3-1': 4.307, 'm4-1': 0.653}",0.0,inf,inf,inf,71.317,71.317
621,TT2,BESTEFFORT,CANCELLED,,66.496,"{'m1-1': 2.417, 'm2-1': 1.91, 'm3-1': 3.975, 'm4-1': 0.815}",0.0,inf,inf,inf,71.59599999999999,71.59599999999999
622,TT2,BESTEFFORT,CANCELLED,,66.532,"{'m1-1': 2.2, 'm2-1': 2.127, 'm3-1': 4.759, 'm4-1': 0.921}",0.0,inf,inf,inf,71.63199999999999,71.63199999999999
623,TT4,BESTEFFORT,CANCELLED,,66.563,"{'m1-1': 2.119, 'm2-1': 1.348, 'm3-1': 4.071, 'm4-1': 0.782}",0.0,inf,inf,inf,71.563,71.563
624,TT1,BESTEFFORT,CANCELLED,m4-1,66.573,"{'m1-1': 2.074, 'm2-1': 1.425, 'm3-1': 4.067, 'm4-1': 0.752}",0.0,inf,inf,inf,71.573,71.573
625,TT3,BESTEFFORT,CANCELLED,,66.659,"{'m1-1': 2.035, 'm2-1': 1.496, 'm3-1': 5.86, 'm4-1': 0.958}",0.0,inf,inf,inf,71.85900000000001,71.85900000000001
626,TT4,BESTEFFORT,COMPLETED,m4-1,66.694,"{'m1-1': 1.801, 'm2-1': 1.374, 'm3-1': 4.487, 'm4-1': 1.022}",1.533,69.21100000000001,70.23300000000002,inf,71.694,71.694
627,TT4,BESTEFFORT,CANCELLED,,66.77,"{'m1-1': 1.976, 'm2-1': 1.736, 'm3-1': 4.58, 'm4-1': 0.793}",0.0,inf,inf,inf,71.77,71.77
628,TT3,BESTEFFORT,CANCELLED,,66.786,"{'m1-1': 1.975, 'm2-1': 1.489, 'm3-1': 5.667, 'm4-1': 0.88}",0.0,inf,inf,inf,71.986,71.986
629,TT3,BESTEFFORT,CANCELLED,,66.879,"{'m1-1': 2.361, 'm2-1': 1.454, 'm3-1': 5.583, 'm4-1': 0.733}",0.0,inf,inf,inf,72.07900000000001,72.07900000000001
630,TT4,BESTEFFORT,CANCELLED,,66.937,"{'m1-1': 2.224, 'm2-1': 1.389, 'm3-1': 4.896, 'm4-1': 0.907}",0.0,inf,inf,inf,71.937,71.937
631,TT1,BESTEFFORT,CANCELLED,,66.996,"{'m1-1': 2.166, 'm2-1': 1.434, 'm3-1': 3.937, 'm4-1': 0.843}",0.0,inf,inf,inf,71.996,71.996
632,TT4,BESTEFFORT,CANCELLED,,67.034,"{'m1-1': 2.109, 'm2-1': 1.386, 'm3-1': 3.671, 'm4-1': 0.991}",0.0,inf,inf,inf,72.034,72.034
633,TT3,BESTEFFORT,CANCELLED,,67.088,"{'m1-1': 2.191, 'm2-1': 1.541, 'm3-1': 4.387, 'm4-1': 0.731}",0.0,inf,inf,inf,72.288,72.288
634,TT1,BESTEFFORT,CANCELLED,,67.281,"{'m1-1': 2.386, 'm2-1': 1.603, 'm3-1': 4.817, 'm4-1': 0.677}",0.0,inf,inf,inf,72.281,72.281
635,TT1,BESTEFFORT,CANCELLED,,67.298,"{'m1-1': 2.083, 'm2-1': 1.604, 'm3-1': 4.348, 'm4-1': 0.689}",0.0,inf,inf,inf,72.298,72.298
636,TT4,BESTEFFORT,COMPLETED,m2-1,67.429,"{'m1-1': 2.219, 'm2-1': 1.452, 'm3-1': 5.097, 'm4-1': 0.792}",4.356,70.941,72.393,inf,72.429,72.429
637,TT4,BESTEFFORT,CANCELLED,,67.43,"{'m1-1': 1.828, 'm2-1': 1.515, 'm3-1': 3.853, 'm4-1': 0.917}",0.0,inf,inf,inf,72.43,72.43
638,TT3,BESTEFFORT,CANCELLED,,67.435,"{'m1-1': 2.285, 'm2-1': 1.357, 'm3-1': 4.862, 'm4-1': 0.745}",0.0,inf,inf,inf,72.635,72.635
639,TT4,BESTEFFORT,COMPLETED,m4-1,67.439,"{'m1-1': 2.052, 'm2-1': 1.529, 'm3-1': 4.175, 'm4-1': 0.91}",1.365,70.23300000000002,71.14300000000001,inf,72.439,72.439
640,TT3,BESTEFFORT,CANCELLED,,67.441,"{'m1-1': 1.759, 'm2-1': 1.583, 'm3-1': 4.306, 'm4-1': 0.951}",0.0,inf,inf,inf,72.641,72.641
641,TT1,BESTEFFORT,CANCELLED,,67.549,"{'m1-1': 2.557, 'm2-1': 1.651, 'm3-1': 4.683, 'm4-1': 0.616}",0.0,inf,inf,inf,72.549,72.549
642,TT4,BESTEFFORT,CANCELLED,,67.613,"{'m1-1': 2.379, 'm2-1': 1.462, 'm3-1': 5.041, 'm4-1': 0.906}",0.0,inf,inf,inf,72.613,72.613
643,TT2,BESTEFFORT,CANCELLED,,67.859,"{'m1-1': 2.34, 'm2-1': 1.767, 'm3-1': 4.958, 'm4-1': 0.722}",0.0,inf,inf,inf,72.95899999999999,72.95899999999999
644,TT3,BESTEFFORT,COMPLETED,m1-1,68.088,"{'m1-1': 2.277, 'm2-1': 1.454, 'm3-1': 4.23, 'm4-1': 0.763}",3.6432,70.85600000000001,73.13300000000001,inf,73.288,73.288
645,TT2,BESTEFFORT,CANCELLED,,68.202,"{'m1-1': 2.562, 'm2-1': 1.821, 'm3-1': 3.633, 'm4-1': 0.732}",0.0,inf,inf,inf,73.30199999999999,73.30199999999999
646,TT3,BESTEFFORT,CANCELLED,,68.262,"{'m1-1': 1.905, 'm2-1': 1.531, 'm3-1': 4.836, 'm4-1': 0.789}",0.0,inf,inf,inf,73.462,73.462
647,TT3,BESTEFFORT,CANCELLED,,68.316,"{'m1-1': 1.984, 'm2-1': 1.783, 'm3-1': 4.791, 'm4-1': 0.788}",0.0,inf,inf,inf,73.516,73.516
648,TT1,BESTEFFORT,CANCELLED,m4-1,68.358,"{'m1-1': 2.321, 'm2-1': 1.48, 'm3-1': 4.986, 'm4-1': 0.852}",0.0,inf,inf,inf,73.358,73.358
649,TT2,BESTEFFORT,CANCELLED,m4-1,68.569,"{'m1-1': 2.428, 'm2-1': 2.084, 'm3-1': 4.584, 'm4-1': 0.845}",0.0,inf,inf,inf,73.669,73.669
650,TT4,BESTEFFORT,CANCELLED,,68.631,"{'m1-1': 2.366, 'm2-1': 1.689, 'm3-1': 4.094, 'm4-1': 1.06}",0.0,inf,inf,inf,73.631,73.631
651,TT3,BESTEFFORT,MISSED,m2-1,68.697,"{'m1-1': 1.761, 'm2-1': 1.792, 'm3-1': 4.883, 'm4-1': 0.802}",4.512000000000015,72.393,inf,73.897,73.897,73.897
652,TT1,BESTEFFORT,COMPLETED,m3-1,68.788,"{'m1-1': 2.44, 'm2-1': 1.773, 'm3-1': 4.108, 'm4-1': 0.688}",7.394399999999999,69.466,73.574,inf,73.788,73.788
653,TT3,BESTEFFORT,CANCELLED,,68.843,"{'m1-1': 2.056, 'm2-1': 1.63, 'm3-1': 4.582, 'm4-1': 0.849}",0.0,inf,inf,inf,74.043,74.043
654,TT1,BESTEFFORT,CANCELLED,,68.89,"{'m1-1': 1.938, 'm2-1': 1.821, 'm3-1': 3.753, 'm4-1': 0.713}",0.0,inf,inf,inf,73.89,73.89
655,TT4,BESTEFFORT,CANCELLED,,68.974,"{'m1-1': 2.131, 'm2-1': 1.737, 'm3-1': 4.833, 'm4-1': 0.765}",0.0,inf,inf,inf,73.974,73.974
656,TT2,BESTEFFORT,CANCELLED,,69.02,"{'m1-1': 2.529, 'm2-1': 2.13, 'm3-1': 4.492, 'm4-1': 0.72}",0.0,inf,inf,inf,74.11999999999999,74.11999999999999
657,TT2,BESTEFFORT,CANCELLED,m4-1,69.064,"{'m1-1': 2.615, 'm2-1': 1.78, 'm3-1': 4.097, 'm4-1': 0.988}",0.0,inf,inf,inf,74.16399999999999,74.16399999999999
658,TT3,BESTEFFORT,CANCELLED,,69.089,"{'m1-1': 1.758, 'm2-1': 1.328, 'm3-1': 5.194, 'm4-1': 0.911}",0.0,inf,inf,inf,74.289,74.289
659,TT3,BESTEFFORT,CANCELLED,,69.218,"{'m1-1': 2.021, 'm2-1': 1.69, 'm3-1': 5.376, 'm4-1': 0.937}",0.0,inf,inf,inf,74.418,74.418
660,TT4,BESTEFFORT,COMPLETED,m4-1,69.232,"{'m1-1': 2.388, 'm2-1': 1.639, 'm3-1': 4.764, 'm4-1': 0.963}",1.4445,71.14300000000001,72.10600000000001,inf,74.232,74.232
661,TT3,BESTEFFORT,CANCELLED,,69.25,"{'m1-1': 1.862, 'm2-1': 1.55, 'm3-1': 5.342, 'm4-1': 0.782}",0.0,inf,inf,inf,74.45,74.45
662,TT4,BESTEFFORT,COMPLETED,m4-1,69.395,"{'m1-1': 1.907, 'm2-1': 1.673, 'm3-1': 4.64, 'm4-1': 1.07}",1.605,72.10600000000001,73.176,inf,74.395,74.395
663,TT1,BESTEFFORT,CANCELLED,,69.462,"{'m1-1': 1.989, 'm2-1': 1.435, 'm3-1': 4.258, 'm4-1': 0.636}",0.0,inf,inf,inf,74.462,74.462
664,TT4,BESTEFFORT,CANCELLED,,69.484,"{'m1-1': 1.807, 'm2-1': 1.826, 'm3-1': 4.925, 'm4-1': 0.997}",0.0,inf,inf,inf,74.484,74.484
665,TT3,BESTEFFORT,MISSED,m2-1,69.768,"{'m1-1': 2.198, 'm2-1': 1.488, 'm3-1': 4.309, 'm4-1': 0.874}",3.212999999999994,73.897,inf,74.968,74.968,74.968
666,TT4,BESTEFFORT,CANCELLED,,69.91,"{'m1-1': 1.74, 'm2-1': 1.573, 'm3-1': 4.916, 'm4-1': 1.006}",0.0,inf,inf,inf,74.91,74.91
667,TT3,BESTEFFORT,MISSED,m1-1,69.951,"{'m1-1': 2.365, 'm2-1': 1.437, 'm3-1': 5.852, 'm4-1': 0.779}",3.2287999999999784,73.13300000000001,inf,75.151,75.151,75.151
668,TT4,BESTEFFORT,CANCELLED,,70.132,"{'m1-1': 1.911, 'm2-1': 1.599, 'm3-1': 4.851, 'm4-1': 1.043}",0.0,inf,inf,inf,75.132,75.132
669,TT2,BESTEFFORT,CANCELLED,,70.171,"{'m1-1': 1.908, 'm2-1': 1.948, 'm3-1': 4.733, 'm4-1': 0.747}",0.0,inf,inf,inf,75.271,75.271
670,TT2,BESTEFFORT,CANCELLED,,70.182,"{'m1-1': 2.126, 'm2-1': 1.974, 'm3-1': 4.75, 'm4-1': 0.837}",0.0,inf,inf,inf,75.282,75.282
671,TT3,BESTEFFORT,CANCELLED,,70.222,"{'m1-1': 2.225, 'm2-1': 1.633, 'm3-1': 5.749, 'm4-1': 0.828}",0.0,inf,inf,inf,75.422,75.422
672,TT4,BESTEFFORT,CANCELLED,m4-1,70.224,"{'m1-1': 1.918, 'm2-1': 1.349, 'm3-1': 4.139, 'm4-1': 0.886}",0.0,inf,inf,inf,75.224,75.224
673,TT2,BESTEFFORT,CANCELLED,,70.332,"{'m1-1': 2.616, 'm2-1': 1.722, 'm3-1': 3.733, 'm4-1': 0.921}",0.0,inf,inf,inf,75.43199999999999,75.43199999999999
674,TT1,BESTEFFORT,CANCELLED,,70.382,"{'m1-1': 2.095, 'm2-1': 1.951, 'm3-1': 5.099, 'm4-1': 0.819}",0.0,inf,inf,inf,75.382,75.382
675,TT2,BESTEFFORT,CANCELLED,,70.566,"{'m1-1': 2.295, 'm2-1': 1.746, 'm3-1': 3.804, 'm4-1': 0.923}",0.0,inf,inf,inf,75.666,75.666
676,TT1,BESTEFFORT,CANCELLED,,70.618,"{'m1-1': 1.879, 'm2-1': 1.402, 'm3-1': 4.631, 'm4-1': 0.668}",0.0,inf,inf,inf,75.618,75.618
677,TT2,BESTEFFORT,CANCELLED,,70.728,"{'m1-1': 1.904, 'm2-1': 1.968, 'm3-1': 4.344, 'm4-1': 0.746}",0.0,inf,inf,inf,75.82799999999999,75.82799999999999
678,TT3,BESTEFFORT,CANCELLED,,70.763,"{'m1-1': 1.736, 'm2-1': 1.405, 'm3-1': 5.619, 'm4-1': 0.749}",0.0,inf,inf,inf,75.96300000000001,75.96300000000001
679,TT1,BESTEFFORT,CANCELLED,,70.766,"{'m1-1': 2.185, 'm2-1': 1.512, 'm3-1': 4.994, 'm4-1': 0.752}",0.0,inf,inf,inf,75.766,75.766
680,TT4,BESTEFFORT,CANCELLED,,70.89,"{'m1-1': 2.416, 'm2-1': 1.861, 'm3-1': 4.435, 'm4-1': 0.997}",0.0,inf,inf,inf,75.89,75.89
681,TT3,BESTEFFORT,COMPLETED,m4-1,71.141,"{'m1-1': 1.999, 'm2-1': 1.471, 'm3-1': 5.925, 'm4-1': 0.746}",1.119,73.176,73.922,inf,76.34100000000001,76.34100000000001
682,TT4,BESTEFFORT,CANCELLED,,71.246,"{'m1-1': 1.858, 'm2-1': 1.483, 'm3-1': 4.699, 'm4-1': 1.054}",0.0,inf,inf,inf,76.246,76.246
683,TT3,BESTEFFORT,MISSED,m2-1,71.274,"{'m1-1': 2.181, 'm2-1': 1.719, 'm3-1': 5.801, 'm4-1': 0.825}",4.518000000000001,74.968,inf,76.474,76.474,76.474
684,TT1,BESTEFFORT,CANCELLED,,71.295,"{'m1-1': 2.22, 'm2-1': 1.838, 'm3-1': 4.36, 'm4-1': 0.612}",0.0,inf,inf,inf,76.295,76.295
685,TT1,BESTEFFORT,CANCELLED,,71.586,"{'m1-1': 2.325, 'm2-1': 1.567, 'm3-1': 4.341, 'm4-1': 0.722}",0.0,inf,inf,inf,76.586,76.586
686,TT1,BESTEFFORT,CANCELLED,m4-1,71.898,"{'m1-1': 2.395, 'm2-1': 1.587, 'm3-1': 4.068, 'm4-1': 0.746}",0.0,inf,inf,inf,76.898,76.898
687,TT3,BESTEFFORT,MISSED,m1-1,71.928,"{'m1-1': 2.385, 'm2-1': 1.389, 'm3-1': 5.615, 'm4-1': 0.899}",3.1632000000000065,75.151,inf,77.128,77.128,77.128
688,TT4,BESTEFFORT,CANCELLED,,71.978,"{'m1-1': 2.118, 'm2-1': 1.526, 'm3-1': 3.991, 'm4-1': 0.811}",0.0,inf,inf,inf,76.978,76.978
689,TT1,BESTEFFORT,CANCELLED,,72.182,"{'m1-1': 2.035, 'm2-1': 1.598, 'm3-1': 3.858, 'm4-1': 0.707}",0.0,inf,inf,inf,77.182,77.182
690,TT4,BESTEFFORT,CANCELLED,,72.195,"{'m1-1': 2.059, 'm2-1': 1.549, 'm3-1': 4.591, 'm4-1': 0.937}",0.0,inf,inf,inf,77.195,77.195
691,TT2,BESTEFFORT,COMPLETED,m4-1,72.359,"{'m1-1': 2.115, 'm2-1': 2.006, 'm3-1': 3.691, 'm4-1': 0.759}",1.1385,73.922,74.681,inf,77.45899999999999,77.45899999999999
692,TT1,BESTEFFORT,MISSED,m3-1,72.601,"{'m1-1': 2.486, 'm2-1': 1.603, 'm3-1': 4.783, 'm4-1': 0.808}",7.248600000000002,73.574,inf,77.601,77.601,77.601
693,TT2,BESTEFFORT,COMPLETED,m4-1,72.612,"{'m1-1': 2.397, 'm2-1': 1.98, 'm3-1': 4.658, 'm4-1': 0.749}",1.1235,74.681,75.42999999999999,inf,77.71199999999999,77.71199999999999
694,TT4,BESTEFFORT,CANCELLED,,72.646,"{'m1-1': 2.419, 'm2-1': 1.422, 'm3-1': 4.634, 'm4-1': 0.981}",0.0,inf,inf,inf,77.646,77.646
695,TT1,BESTEFFORT,CANCELLED,,72.718,"{'m1-1': 2.272, 'm2-1': 1.696, 'm3-1': 5.073, 'm4-1': 0.762}",0.0,inf,inf,inf,77.718,77.718
696,TT1,BESTEFFORT,CANCELLED,,72.847,"{'m1-1': 2.082, 'm2-1': 1.649, 'm3-1': 4.199, 'm4-1': 0.82}",0.0,inf,inf,inf,77.847,77.847
697,TT4,BESTEFFORT,CANCELLED,,72.894,"{'m1-1': 2.264, 'm2-1': 1.788, 'm3-1': 3.891, 'm4-1': 0.919}",0.0,inf,inf,inf,77.894,77.894
698,TT1,BESTEFFORT,COMPLETED,m4-1,73.113,"{'m1-1': 2.6, 'm2-1': 1.403, 'm3-1': 4.347, 'm4-1': 0.655}",0.9825,75.42999999999999,76.085,inf,78.113,78.113
699,TT4,BESTEFFORT,CANCELLED,,73.203,"{'m1-1': 1.91, 'm2-1': 1.358, 'm3-1': 4.634, 'm4-1': 0.755}",0.0,inf,inf,inf,78.203,78.203
700,TT4,BESTEFFORT,COMPLETED,m2-1,73.249,"{'m1-1': 1.849, 'm2-1': 1.688, 'm3-1': 4.375, 'm4-1': 1.01}",5.064,76.474,78.162,inf,78.249,78.249
701,TT1,BESTEFFORT,CANCELLED,,73.4,"{'m1-1': 2.565, 'm2-1': 1.744, 'm3-1': 4.707, 'm4-1': 0.625}",0.0,inf,inf,inf,78.4,78.4
702,TT1,BESTEFFORT,CANCELLED,,73.409,"{'m1-1': 1.954, 'm2-1': 1.983, 'm3-1': 4.843, 'm4-1': 0.78}",0.0,inf,inf,inf,78.409,78.409
703,TT1,BESTEFFORT,CANCELLED,,73.457,"{'m1-1': 1.868, 'm2-1': 1.716, 'm3-1': 4.298, 'm4-1': 0.858}",0.0,inf,inf,inf,78.457,78.457
704,TT4,BESTEFFORT,CANCELLED,,73.548,"{'m1-1': 2.077, 'm2-1': 1.786, 'm3-1': 4.879, 'm4-1': 0.975}",0.0,inf,inf,inf,78.548,78.548
705,TT3,BESTEFFORT,MISSED,m1-1,73.769,"{'m1-1': 2.025, 'm2-1': 1.66, 'm3-1': 4.38, 'm4-1': 0.846}",2.945600000000013,77.128,inf,78.96900000000001,78.96900000000001,78.96900000000001
706,TT3,BESTEFFORT,CANCELLED,,73.774,"{'m1-1': 2.037, 'm2-1': 1.58, 'm3-1': 5.649, 'm4-1': 0.859}",0.0,inf,inf,inf,78.974,78.974
707,TT2,BESTEFFORT,CANCELLED,,73.898,"{'m1-1': 2.236, 'm2-1': 2.108, 'm3-1': 4.18, 'm4-1': 0.908}",0.0,inf,inf,inf,78.99799999999999,78.99799999999999
708,TT2,BESTEFFORT,CANCELLED,,73.92,"{'m1-1': 2.294, 'm2-1': 1.677, 'm3-1': 4.332, 'm4-1': 1.007}",0.0,inf,inf,inf,79.02,79.02
709,TT1,BESTEFFORT,COMPLETED,m4-1,73.922,"{'m1-1': 2.228, 'm2-1': 1.439, 'm3-1': 4.909, 'm4-1': 0.735}",1.1025,76.085,76.82,inf,78.922,78.922
710,TT3,BESTEFFORT,CANCELLED,,73.925,"{'m1-1': 2.111, 'm2-1': 1.357, 'm3-1': 5.222, 'm4-1': 0.991}",0.0,inf,inf,inf,79.125,79.125
711,TT2,BESTEFFORT,CANCELLED,,73.95,"{'m1-1': 2.582, 'm2-1': 1.958, 'm3-1': 3.922, 'm4-1': 0.959}",0.0,inf,inf,inf,79.05,79.05
712,TT1,BESTEFFORT,CANCELLED,,73.983,"{'m1-1': 2.143, 'm2-1': 1.58, 'm3-1': 4.291, 'm4-1': 0.755}",0.0,inf,inf,inf,78.983,78.983
713,TT2,BESTEFFORT,CANCELLED,,74.096,"{'m1-1': 2.562, 'm2-1': 1.937, 'm3-1': 4.768, 'm4-1': 0.822}",0.0,inf,inf,inf,79.196,79.196
714,TT2,BESTEFFORT,CANCELLED,,74.114,"{'m1-1': 1.891, 'm2-1': 1.789, 'm3-1': 4.543, 'm4-1': 0.864}",0.0,inf,inf,inf,79.214,79.214
715,TT2,BESTEFFORT,CANCELLED,,74.134,"{'m1-1': 2.466, 'm2-1': 1.821, 'm3-1': 3.95, 'm4-1': 0.771}",0.0,inf,inf,inf,79.234,79.234
716,TT1,BESTEFFORT,CANCELLED,,74.198,"{'m1-1': 2.284, 'm2-1': 1.486, 'm3-1': 5.073, 'm4-1': 0.732}",0.0,inf,inf,inf,79.198,79.198
717,TT4,BESTEFFORT,CANCELLED,,74.198,"{'m1-1': 2.296, 'm2-1': 1.498, 'm3-1': 4.521, 'm4-1': 0.786}",0.0,inf,inf,inf,79.198,79.198
718,TT3,BESTEFFORT,MISSED,m2-1,74.265,"{'m1-1': 2.068, 'm2-1': 1.37, 'm3-1': 5.107, 'm4-1': 0.997}",3.908999999999992,78.162,inf,79.465,79.465,79.465
719,TT4,BESTEFFORT,CANCELLED,,74.454,"{'m1-1': 1.801, 'm2-1': 1.774, 'm3-1': 4.965, 'm4-1': 0.825}",0.0,inf,inf,inf,79.454,79.454
720,TT2,BESTEFFORT,CANCELLED,,74.522,"{'m1-1': 2.074, 'm2-1': 1.606, 'm3-1': 3.637, 'm4-1': 0.738}",0.0,inf,inf,inf,79.622,79.622
721,TT2,BESTEFFORT,CANCELLED,,74.524,"{'m1-1': 2.508, 'm2-1': 1.61, 'm3-1': 4.122, 'm4-1': 0.877}",0.0,inf,inf,inf,79.624,79.624
722,TT3,BESTEFFORT,CANCELLED,,74.551,"{'m1-1': 2.123, 'm2-1': 1.521, 'm3-1': 4.839, 'm4-1': 0.905}",0.0,inf,inf,inf,79.751,79.751
723,TT2,BESTEFFORT,COMPLETED,m4-1,74.585,"{'m1-1': 2.058, 'm2-1': 1.546, 'm3-1': 3.847, 'm4-1': 1.005}",1.5074999999999998,76.82,77.82499999999999,inf,79.68499999999999,79.68499999999999
724,TT4,BESTEFFORT,CANCELLED,,74.84,"{'m1-1': 1.925, 'm2-1': 1.825, 'm3-1': 4.723, 'm4-1': 0.829}",0.0,inf,inf,inf,79.84,79.84
725,TT3,BESTEFFORT,CANCELLED,,74.895,"{'m1-1': 2.18, 'm2-1': 1.272, 'm3-1': 4.898, 'm4-1': 0.72}",0.0,inf,inf,inf,80.095,80.095
726,TT2,BESTEFFORT,CANCELLED,,75.067,"{'m1-1': 2.301, 'm2-1': 2.078, 'm3-1': 4.581, 'm4-1': 0.858}",0.0,inf,inf,inf,80.16699999999999,80.16699999999999
727,TT4,BESTEFFORT,CANCELLED,,75.103,"{'m1-1': 1.858, 'm2-1': 1.519, 'm3-1': 4.896, 'm4-1': 0.892}",0.0,inf,inf,inf,80.103,80.103
728,TT3,BESTEFFORT,CANCELLED,,75.152,"{'m1-1': 2.069, 'm2-1': 1.329, 'm3-1': 5.776, 'm4-1': 0.978}",0.0,inf,inf,inf,80.352,80.352
729,TT3,BESTEFFORT,COMPLETED,m4-1,75.384,"{'m1-1': 1.863, 'm2-1': 1.529, 'm3-1': 4.935, 'm4-1': 0.833}",1.2494999999999998,77.82499999999999,78.65799999999999,inf,80.584,80.584
730,TT2,BESTEFFORT,CANCELLED,,75.853,"{'m1-1': 2.341, 'm2-1': 1.792, 'm3-1': 3.705, 'm4-1': 0.839}",0.0,inf,inf,inf,80.95299999999999,80.95299999999999
731,TT4,BESTEFFORT,CANCELLED,,75.91,"{'m1-1': 1.946, 'm2-1': 1.833, 'm3-1': 4.33, 'm4-1': 0.985}",0.0,inf,inf,inf,80.91,80.91
732,TT2,BESTEFFORT,MISSED,m1-1,75.962,"{'m1-1': 2.311, 'm2-1': 1.679, 'm3-1': 3.95, 'm4-1': 0.776}",3.348799999999983,78.96900000000001,inf,81.062,81.062,81.062
733,TT3,BESTEFFORT,COMPLETED,m2-1,75.971,"{'m1-1': 2.27, 'm2-1': 1.388, 'm3-1': 4.564, 'm4-1': 0.8}",4.164,79.465,80.85300000000001,inf,81.171,81.171
734,TT1,BESTEFFORT,CANCELLED,m4-1,76.027,"{'m1-1': 2.316, 'm2-1': 1.549, 'm3-1': 4.843, 'm4-1': 0.76}",0.0,inf,inf,inf,81.027,81.027
735,TT1,BESTEFFORT,CANCELLED,,76.123,"{'m1-1': 2.405, 'm2-1': 1.486, 'm3-1': 3.786, 'm4-1': 0.752}",0.0,inf,inf,inf,81.123,81.123
736,TT1,BESTEFFORT,CANCELLED,,76.227,"{'m1-1': 2.119, 'm2-1': 1.498, 'm3-1': 3.664, 'm4-1': 0.717}",0.0,inf,inf,inf,81.227,81.227
737,TT3,BESTEFFORT,COMPLETED,m4-1,76.326,"{'m1-1': 1.985, 'm2-1': 1.665, 'm3-1': 4.595, 'm4-1': 0.746}",1.119,78.65799999999999,79.40399999999998,inf,81.526,81.526
738,TT4,BESTEFFORT,CANCELLED,,76.342,"{'m1-1': 2.302, 'm2-1': 1.864, 'm3-1': 5.104, 'm4-1': 1.062}",0.0,inf,inf,inf,81.342,81.342
739,TT4,BESTEFFORT,MISSED,m3-1,76.577,"{'m1-1': 1.933, 'm2-1': 1.849, 'm3-1': 4.044, 'm4-1': 0.969}",7.156799999999999,77.601,inf,81.577,81.577,81.577
740,TT3,BESTEFFORT,CANCELLED,,76.602,"{'m1-1': 2.223, 'm2-1': 1.413, 'm3-1': 4.811, 'm4-1': 0.8}",0.0,inf,inf,inf,81.802,81.802
741,TT2,BESTEFFORT,COMPLETED,m4-1,76.795,"{'m1-1': 2.309, 'm2-1': 1.671, 'm3-1': 3.848, 'm4-1': 0.995}",1.4925,79.40399999999998,80.39899999999999,inf,81.895,81.895
742,TT3,BESTEFFORT,CANCELLED,,76.881,"{'m1-1': 2.348, 'm2-1': 1.669, 'm3-1': 4.72, 'm4-1': 0.991}",0.0,inf,inf,inf,82.081,82.081
743,TT4,BESTEFFORT,CANCELLED,,76.984,"{'m1-1': 2.157, 'm2-1': 1.514, 'm3-1': 3.87, 'm4-1': 0.841}",0.0,inf,inf,inf,81.984,81.984
744,TT2,BESTEFFORT,CANCELLED,,77.006,"{'m1-1': 2.485, 'm2-1': 1.912, 'm3-1': 4.498, 'm4-1': 0.797}",0.0,inf,inf,inf,82.106,82.106
745,TT2,BESTEFFORT,CANCELLED,,77.014,"{'m1-1': 2.415, 'm2-1': 2.071, 'm3-1': 5.05, 'm4-1': 0.929}",0.0,inf,inf,inf,82.11399999999999,82.11399999999999
746,TT2,BESTEFFORT,CANCELLED,,77.04,"{'m1-1': 2.228, 'm2-1': 1.64, 'm3-1': 3.835, 'm4-1': 0.823}",0.0,inf,inf,inf,82.14,82.14
747,TT4,BESTEFFORT,CANCELLED,,77.043,"{'m1-1': 2.224, 'm2-1': 1.506, 'm3-1': 3.94, 'm4-1': 1.05}",0.0,inf,inf,inf,82.043,82.043
748,TT2,BESTEFFORT,CANCELLED,,77.123,"{'m1-1': 2.27, 'm2-1': 2.017, 'm3-1': 4.872, 'm4-1': 0.968}",0.0,inf,inf,inf,82.223,82.223
749,TT3,BESTEFFORT,COMPLETED,m2-1,77.252,"{'m1-1': 2.027, 'm2-1': 1.516, 'm3-1': 5.508, 'm4-1': 0.72}",4.548,80.85300000000001,82.36900000000001,inf,82.452,82.452
750,TT1,BESTEFFORT,CANCELLED,,77.283,"{'m1-1': 2.063, 'm2-1': 1.62, 'm3-1': 3.657, 'm4-1': 0.758}",0.0,inf,inf,inf,82.283,82.283
751,TT3,BESTEFFORT,CANCELLED,,77.383,"{'m1-1': 2.141, 'm2-1': 1.499, 'm3-1': 4.972, 'm4-1': 1.009}",0.0,inf,inf,inf,82.583,82.583
752,TT1,BESTEFFORT,CANCELLED,,77.437,"{'m1-1': 2.215, 'm2-1': 1.893, 'm3-1': 3.748, 'm4-1': 0.697}",0.0,inf,inf,inf,82.437,82.437
753,TT1,BESTEFFORT,CANCELLED,m4-1,77.618,"{'m1-1': 2.387, 'm2-1': 1.769, 'm3-1': 4.361, 'm4-1': 0.633}",0.0,inf,inf,inf,82.618,82.618
754,TT3,BESTEFFORT,MISSED,m1-1,77.736,"{'m1-1': 1.909, 'm2-1': 1.578, 'm3-1': 4.396, 'm4-1': 0.767}",2.9984000000000153,81.062,inf,82.936,82.936,82.936
755,TT2,BESTEFFORT,COMPLETED,m4-1,77.913,"{'m1-1': 2.462, 'm2-1': 2.009, 'm3-1': 3.647, 'm4-1': 0.903}",1.3545,80.39899999999999,81.30199999999999,inf,83.01299999999999,83.01299999999999
756,TT2,BESTEFFORT,CANCELLED,,77.943,"{'m1-1': 2.2, 'm2-1': 1.722, 'm3-1': 4.841, 'm4-1': 0.804}",0.0,inf,inf,inf,83.04299999999999,83.04299999999999
757,TT1,BESTEFFORT,CANCELLED,,77.949,"{'m1-1': 2.567, 'm2-1': 1.812, 'm3-1': 4.687, 'm4-1': 0.689}",0.0,inf,inf,inf,82.949,82.949
758,TT2,BESTEFFORT,CANCELLED,,78.293,"{'m1-1': 1.937, 'm2-1': 1.921, 'm3-1': 5.095, 'm4-1': 0.759}",0.0,inf,inf,inf,83.393,83.393
759,TT2,BESTEFFORT,CANCELLED,,78.41,"{'m1-1': 2.109, 'm2-1': 1.53, 'm3-1': 4.325, 'm4-1': 0.921}",0.0,inf,inf,inf,83.50999999999999,83.50999999999999
760,TT2,BESTEFFORT,CANCELLED,,78.512,"{'m1-1': 2.321, 'm2-1': 1.984, 'm3-1': 3.674, 'm4-1': 0.923}",0.0,inf,inf,inf,83.612,83.612
761,TT2,BESTEFFORT,COMPLETED,m4-1,78.563,"{'m1-1': 1.976, 'm2-1': 2.011, 'm3-1': 3.954, 'm4-1': 0.74}",1.1099999999999999,81.30199999999999,82.04199999999999,inf,83.663,83.663
762,TT1,BESTEFFORT,CANCELLED,,78.704,"{'m1-1': 2.042, 'm2-1': 1.974, 'm3-1': 5.009, 'm4-1': 0.712}",0.0,inf,inf,inf,83.704,83.704
763,TT4,BESTEFFORT,CANCELLED,,78.756,"{'m1-1': 2.423, 'm2-1': 1.476, 'm3-1': 3.721, 'm4-1': 0.876}",0.0,inf,inf,inf,83.756,83.756
764,TT2,BESTEFFORT,MISSED,m2-1,78.809,"{'m1-1': 1.972, 'm2-1': 1.723, 'm3-1': 3.66, 'm4-1': 0.726}",4.6199999999999335,82.36900000000001,inf,83.90899999999999,83.90899999999999,83.90899999999999
765,TT2,BESTEFFORT,CANCELLED,,78.835,"{'m1-1': 2.375, 'm2-1': 1.711, 'm3-1': 4.957, 'm4-1': 0.881}",0.0,inf,inf,inf,83.93499999999999,83.93499999999999
766,TT2,BESTEFFORT,CANCELLED,,79.001,"{'m1-1': 2.073, 'm2-1': 1.775, 'm3-1': 4.66, 'm4-1': 0.748}",0.0,inf,inf,inf,84.101,84.101
767,TT1,BESTEFFORT,CANCELLED,,79.201,"{'m1-1': 2.582, 'm2-1': 1.649, 'm3-1': 3.719, 'm4-1': 0.65}",0.0,inf,inf,inf,84.201,84.201
768,TT3,BESTEFFORT,CANCELLED,,79.225,"{'m1-1': 1.717, 'm2-1': 1.636, 'm3-1': 5.49, 'm4-1': 0.964}",0.0,inf,inf,inf,84.425,84.425
769,TT4,BESTEFFORT,CANCELLED,,79.246,"{'m1-1': 2.059, 'm2-1': 1.591, 'm3-1': 4.604, 'm4-1': 0.772}",0.0,inf,inf,inf,84.246,84.246
770,TT2,BESTEFFORT,COMPLETED,m4-1,79.347,"{'m1-1': 2.105, 'm2-1': 2.13, 'm3-1': 3.659, 'm4-1': 0.952}",1.428,82.04199999999999,82.99399999999999,inf,84.44699999999999,84.44699999999999
771,TT1,BESTEFFORT,CANCELLED,,79.528,"{'m1-1': 1.987, 'm2-1': 1.743, 'm3-1': 4.557, 'm4-1': 0.652}",0.0,inf,inf,inf,84.528,84.528
772,TT1,BESTEFFORT,CANCELLED,,79.733,"{'m1-1': 2.119, 'm2-1': 1.434, 'm3-1': 3.773, 'm4-1': 0.716}",0.0,inf,inf,inf,84.733,84.733
773,TT1,BESTEFFORT,CANCELLED,,79.752,"{'m1-1': 2.269, 'm2-1': 1.598, 'm3-1': 4.593, 'm4-1': 0.753}",0.0,inf,inf,inf,84.752,84.752
774,TT2,BESTEFFORT,MISSED,m1-1,79.78,"{'m1-1': 2.224, 'm2-1': 1.777, 'm3-1': 4.297, 'm4-1': 0.954}",3.1103999999999816,82.936,inf,84.88,84.88,84.88
775,TT1,BESTEFFORT,CANCELLED,,79.783,"{'m1-1': 2.414, 'm2-1': 1.763, 'm3-1': 4.471, 'm4-1': 0.822}",0.0,inf,inf,inf,84.783,84.783
776,TT4,BESTEFFORT,CANCELLED,,79.832,"{'m1-1': 2.353, 'm2-1': 1.863, 'm3-1': 3.693, 'm4-1': 1.068}",0.0,inf,inf,inf,84.832,84.832
777,TT2,BESTEFFORT,CANCELLED,,79.922,"{'m1-1': 2.631, 'm2-1': 1.871, 'm3-1': 4.462, 'm4-1': 0.837}",0.0,inf,inf,inf,85.02199999999999,85.02199999999999
778,TT2,BESTEFFORT,CANCELLED,,79.961,"{'m1-1': 2.549, 'm2-1': 2.084, 'm3-1': 4.984, 'm4-1': 0.748}",0.0,inf,inf,inf,85.06099999999999,85.06099999999999
779,TT1,BESTEFFORT,CANCELLED,,80.024,"{'m1-1': 2.044, 'm2-1': 1.687, 'm3-1': 4.689, 'm4-1': 0.653}",0.0,inf,inf,inf,85.024,85.024
780,TT3,BESTEFFORT,MISSED,m2-1,80.09,"{'m1-1': 1.876, 'm2-1': 1.757, 'm3-1': 4.66, 'm4-1': 0.985}",4.143000000000043,83.90899999999999,inf,85.29,85.29,85.29
781,TT2,BESTEFFORT,CANCELLED,,80.096,"{'m1-1': 2.579, 'm2-1': 1.641, 'm3-1': 5.083, 'm4-1': 0.925}",0.0,inf,inf,inf,85.196,85.196
782,TT2,BESTEFFORT,CANCELLED,,80.11,"{'m1-1': 2.207, 'm2-1': 1.881, 'm3-1': 4.33, 'm4-1': 0.969}",0.0,inf,inf,inf,85.21,85.21
783,TT4,BESTEFFORT,CANCELLED,,80.237,"{'m1-1': 1.785, 'm2-1': 1.812, 'm3-1': 4.849, 'm4-1': 1.047}",0.0,inf,inf,inf,85.237,85.237
784,TT2,BESTEFFORT,COMPLETED,m4-1,80.345,"{'m1-1': 2.109, 'm2-1': 1.906, 'm3-1': 4.228, 'm4-1': 0.84}",1.26,82.99399999999999,83.83399999999999,inf,85.445,85.445
785,TT4,BESTEFFORT,CANCELLED,,80.711,"{'m1-1': 2.436, 'm2-1': 1.41, 'm3-1': 4.331, 'm4-1': 0.77}",0.0,inf,inf,inf,85.711,85.711
786,TT1,BESTEFFORT,MISSED,m3-1,80.818,"{'m1-1': 2.591, 'm2-1': 1.702, 'm3-1': 4.538, 'm4-1': 0.852}",7.6338,81.577,inf,85.818,85.818,85.818
787,TT2,BESTEFFORT,COMPLETED,m4-1,81.18,"{'m1-1': 1.9, 'm2-1': 1.985, 'm3-1': 4.005, 'm4-1': 1.018}",1.5270000000000001,83.83399999999999,84.85199999999999,inf,86.28,86.28
788,TT1,BESTEFFORT,CANCELLED,,81.32,"{'m1-1': 2.479, 'm2-1': 1.844, 'm3-1': 4.566, 'm4-1': 0.844}",0.0,inf,inf,inf,86.32,86.32
789,TT4,BESTEFFORT,CANCELLED,,81.524,"{'m1-1': 2.388, 'm2-1': 1.436, 'm3-1': 3.933, 'm4-1': 0.856}",0.0,inf,inf,inf,86.524,86.524
790,TT4,BESTEFFORT,CANCELLED,,81.586,"{'m1-1': 2.099, 'm2-1': 1.349, 'm3-1': 3.926, 'm4-1': 0.837}",0.0,inf,inf,inf,86.586,86.586
791,TT2,BESTEFFORT,CANCELLED,,81.626,"{'m1-1': 2.4, 'm2-1': 1.792, 'm3-1': 4.501, 'm4-1': 0.869}",0.0,inf,inf,inf,86.726,86.726
792,TT4,BESTEFFORT,MISSED,m2-1,81.762,"{'m1-1': 1.734, 'm2-1': 1.529, 'm3-1': 3.783, 'm4-1': 0.869}",4.415999999999983,85.29,inf,86.762,86.762,86.762
793,TT3,BESTEFFORT,CANCELLED,m4-1,81.799,"{'m1-1': 2.028, 'm2-1': 1.412, 'm3-1': 4.685, 'm4-1': 0.874}",0.0,inf,inf,inf,86.99900000000001,86.99900000000001
794,TT2,BESTEFFORT,MISSED,m1-1,81.985,"{'m1-1': 2.364, 'm2-1': 1.582, 'm3-1': 4.962, 'm4-1': 0.727}",3.5279999999999974,84.88,inf,87.085,87.085,87.085
795,TT2,BESTEFFORT,CANCELLED,m4-1,82.152,"{'m1-1': 1.881, 'm2-1': 1.684, 'm3-1': 4.178, 'm4-1': 0.774}",0.0,inf,inf,inf,87.252,87.252
796,TT2,BESTEFFORT,CANCELLED,,82.248,"{'m1-1': 2.474, 'm2-1': 2.13, 'm3-1': 3.911, 'm4-1': 0.972}",0.0,inf,inf,inf,87.348,87.348
797,TT3,BESTEFFORT,CANCELLED,,82.305,"{'m1-1': 2.341, 'm2-1': 1.551, 'm3-1': 5.044, 'm4-1': 0.985}",0.0,inf,inf,inf,87.50500000000001,87.50500000000001
798,TT1,BESTEFFORT,CANCELLED,,82.346,"{'m1-1': 2.408, 'm2-1': 1.782, 'm3-1': 4.699, 'm4-1': 0.74}",0.0,inf,inf,inf,87.346,87.346
799,TT2,BESTEFFORT,CANCELLED,,82.364,"{'m1-1': 2.095, 'm2-1': 2.058, 'm3-1': 4.877, 'm4-1': 0.788}",0.0,inf,inf,inf,87.464,87.464
800,TT4,BESTEFFORT,CANCELLED,,82.501,"{'m1-1': 1.939, 'm2-1': 1.674, 'm3-1': 4.897, 'm4-1': 0.79}",0.0,inf,inf,inf,87.501,87.501
801,TT3,BESTEFFORT,CANCELLED,,82.514,"{'m1-1': 2.344, 'm2-1': 1.69, 'm3-1': 5.522, 'm4-1': 0.851}",0.0,inf,inf,inf,87.714,87.714
802,TT3,BESTEFFORT,CANCELLED,,82.658,"{'m1-1': 2.185, 'm2-1': 1.342, 'm3-1': 4.999, 'm4-1': 0.748}",0.0,inf,inf,inf,87.858,87.858
803,TT3,BESTEFFORT,CANCELLED,m4-1,82.675,"{'m1-1': 1.757, 'm2-1': 1.551, 'm3-1': 5.422, 'm4-1': 0.772}",0.0,inf,inf,inf,87.875,87.875
804,TT3,BESTEFFORT,MISSED,m2-1,83.148,"{'m1-1': 2.102, 'm2-1': 1.614, 'm3-1': 4.842, 'm4-1': 0.731}",4.757999999999996,86.762,inf,88.348,88.348,88.348
805,TT4,BESTEFFORT,COMPLETED,m4-1,83.223,"{'m1-1': 2.425, 'm2-1': 1.891, 'm3-1': 4.555, 'm4-1': 0.913}",1.3695,84.85199999999999,85.76499999999999,inf,88.223,88.223
806,TT4,BESTEFFORT,CANCELLED,,83.389,"{'m1-1': 1.866, 'm2-1': 1.802, 'm3-1': 5.097, 'm4-1': 0.933}",0.0,inf,inf,inf,88.389,88.389
807,TT2,BESTEFFORT,CANCELLED,,83.415,"{'m1-1': 2.139, 'm2-1': 1.908, 'm3-1': 4.805, 'm4-1': 0.862}",0.0,inf,inf,inf,88.515,88.515
808,TT4,BESTEFFORT,CANCELLED,,83.45,"{'m1-1': 2.28, 'm2-1': 1.749, 'm3-1': 4.324, 'm4-1': 1.054}",0.0,inf,inf,inf,88.45,88.45
809,TT3,BESTEFFORT,CANCELLED,,83.614,"{'m1-1': 2.231, 'm2-1': 1.617, 'm3-1': 5.488, 'm4-1': 0.983}",0.0,inf,inf,inf,88.81400000000001,88.81400000000001
810,TT1,BESTEFFORT,COMPLETED,m4-1,83.623,"{'m1-1': 1.883, 'm2-1': 1.475, 'm3-1': 4.757, 'm4-1': 0.858}",1.287,85.76499999999999,86.62299999999999,inf,88.623,88.623
811,TT1,BESTEFFORT,COMPLETED,m4-1,83.752,"{'m1-1': 2.185, 'm2-1': 1.801, 'm3-1': 5.043, 'm4-1': 0.61}",0.915,86.62299999999999,87.23299999999999,inf,88.752,88.752
812,TT4,BESTEFFORT,CANCELLED,,83.79,"{'m1-1': 1.852, 'm2-1': 1.646, 'm3-1': 4.203, 'm4-1': 0.756}",0.0,inf,inf,inf,88.79,88.79
813,TT2,BESTEFFORT,CANCELLED,,83.877,"{'m1-1': 2.475, 'm2-1': 1.686, 'm3-1': 4.652, 'm4-1': 0.735}",0.0,inf,inf,inf,88.97699999999999,88.97699999999999
814,TT4,BESTEFFORT,CANCELLED,,83.908,"{'m1-1': 1.801, 'm2-1': 1.366, 'm3-1': 4.52, 'm4-1': 0.811}",0.0,inf,inf,inf,88.908,88.908
815,TT4,BESTEFFORT,COMPLETED,m1-1,84.274,"{'m1-1': 2.151, 'm2-1': 1.877, 'm3-1': 4.51, 'm4-1': 0.802}",3.4415999999999998,87.085,89.23599999999999,inf,89.274,89.274
816,TT4,BESTEFFORT,CANCELLED,,84.277,"{'m1-1': 1.955, 'm2-1': 1.498, 'm3-1': 4.932, 'm4-1': 0.885}",0.0,inf,inf,inf,89.277,89.277
817,TT2,BESTEFFORT,CANCELLED,,84.301,"{'m1-1': 2.566, 'm2-1': 1.737, 'm3-1': 4.604, 'm4-1': 0.765}",0.0,inf,inf,inf,89.401,89.401
818,TT2,BESTEFFORT,CANCELLED,,84.485,"{'m1-1': 2.305, 'm2-1': 2.037, 'm3-1': 5.069, 'm4-1': 0.743}",0.0,inf,inf,inf,89.585,89.585
819,TT4,BESTEFFORT,CANCELLED,,84.529,"{'m1-1': 1.912, 'm2-1': 1.646, 'm3-1': 3.912, 'm4-1': 0.786}",0.0,inf,inf,inf,89.529,89.529
820,TT2,BESTEFFORT,CANCELLED,,84.564,"{'m1-1': 2.636, 'm2-1': 1.772, 'm3-1': 4.143, 'm4-1': 0.72}",0.0,inf,inf,inf,89.66399999999999,89.66399999999999
821,TT4,BESTEFFORT,COMPLETED,m4-1,84.678,"{'m1-1': 2.304, 'm2-1': 1.558, 'm3-1': 4.38, 'm4-1': 0.857}",1.2854999999999999,87.23299999999999,88.08999999999999,inf,89.678,89.678
822,TT4,BESTEFFORT,CANCELLED,,84.85,"{'m1-1': 1.784, 'm2-1': 1.69, 'm3-1': 3.956, 'm4-1': 1.031}",0.0,inf,inf,inf,89.85,89.85
823,TT2,BESTEFFORT,MISSED,m2-1,85.084,"{'m1-1': 2.491, 'm2-1': 1.844, 'm3-1': 4.675, 'm4-1': 0.881}",5.507999999999996,88.348,inf,90.184,90.184,90.184
824,TT2,BESTEFFORT,CANCELLED,,85.128,"{'m1-1': 2.2, 'm2-1': 1.966, 'm3-1': 3.855, 'm4-1': 0.719}",0.0,inf,inf,inf,90.228,90.228
825,TT1,BESTEFFORT,COMPLETED,m3-1,85.142,"{'m1-1': 2.378, 'm2-1': 1.655, 'm3-1': 4.217, 'm4-1': 0.736}",7.590599999999999,85.818,90.035,inf,90.142,90.142
826,TT2,BESTEFFORT,CANCELLED,m4-1,85.211,"{'m1-1': 2.056, 'm2-1': 1.588, 'm3-1': 4.759, 'm4-1': 0.98}",0.0,inf,inf,inf,90.31099999999999,90.31099999999999
827,TT4,BESTEFFORT,COMPLETED,m4-1,85.81,"{'m1-1': 2.048, 'm2-1': 1.555, 'm3-1': 3.999, 'm4-1': 0.852}",1.278,88.08999999999999,88.942,inf,90.81,90.81
828,TT4,BESTEFFORT,CANCELLED,,85.815,"{'m1-1': 2.051, 'm2-1': 1.397, 'm3-1': 3.726, 'm4-1': 0.86}",0.0,inf,inf,inf,90.815,90.815
829,TT1,BESTEFFORT,CANCELLED,,85.827,"{'m1-1': 2.478, 'm2-1': 1.874, 'm3-1': 4.02, 'm4-1': 0.698}",0.0,inf,inf,inf,90.827,90.827
830,TT2,BESTEFFORT,CANCELLED,,85.909,"{'m1-1': 2.498, 'm2-1': 1.6, 'm3-1': 4.201, 'm4-1': 0.817}",0.0,inf,inf,inf,91.009,91.009
831,TT3,BESTEFFORT,CANCELLED,,86.014,"{'m1-1': 2.333, 'm2-1': 1.406, 'm3-1': 5.543, 'm4-1': 1.001}",0.0,inf,inf,inf,91.214,91.214
832,TT3,BESTEFFORT,MISSED,m1-1,86.117,"{'m1-1': 2.273, 'm2-1': 1.576, 'm3-1': 4.897, 'm4-1': 0.946}",3.3296000000000276,89.23599999999999,inf,91.31700000000001,91.31700000000001,91.31700000000001
833,TT1,BESTEFFORT,CANCELLED,,86.178,"{'m1-1': 1.925, 'm2-1': 1.796, 'm3-1': 4.566, 'm4-1': 0.678}",0.0,inf,inf,inf,91.178,91.178
834,TT3,BESTEFFORT,CANCELLED,m4-1,86.327,"{'m1-1': 1.99, 'm2-1': 1.768, 'm3-1': 5.978, 'm4-1': 0.903}",0.0,inf,inf,inf,91.527,91.527
835,TT1,BESTEFFORT,MISSED,m2-1,86.366,"{'m1-1': 2.52, 'm2-1': 1.895, 'm3-1': 4.021, 'm4-1': 0.681}",3.5460000000000065,90.184,inf,91.366,91.366,91.366
836,TT3,BESTEFFORT,CANCELLED,,86.423,"{'m1-1': 2.385, 'm2-1': 1.463, 'm3-1': 5.423, 'm4-1': 0.909}",0.0,inf,inf,inf,91.623,91.623
837,TT2,BESTEFFORT,CANCELLED,,86.598,"{'m1-1': 2.625, 'm2-1': 1.721, 'm3-1': 4.844, 'm4-1': 0.815}",0.0,inf,inf,inf,91.698,91.698
838,TT4,BESTEFFORT,COMPLETED,m4-1,87.011,"{'m1-1': 2.176, 'm2-1': 1.666, 'm3-1': 3.663, 'm4-1': 0.995}",1.4925,88.942,89.937,inf,92.011,92.011
839,TT4,BESTEFFORT,CANCELLED,,87.017,"{'m1-1': 1.89, 'm2-1': 1.888, 'm3-1': 4.908, 'm4-1': 0.826}",0.0,inf,inf,inf,92.017,92.017
840,TT3,BESTEFFORT,CANCELLED,,87.095,"{'m1-1': 2.434, 'm2-1': 1.311, 'm3-1': 5.621, 'm4-1': 0.955}",0.0,inf,inf,inf,92.295,92.295
841,TT1,BESTEFFORT,COMPLETED,m4-1,87.106,"{'m1-1': 2.301, 'm2-1': 1.852, 'm3-1': 3.786, 'm4-1': 0.752}",1.1280000000000001,89.937,90.689,inf,92.106,92.106
842,TT1,BESTEFFORT,CANCELLED,,87.303,"{'m1-1': 1.996, 'm2-1': 1.443, 'm3-1': 4.878, 'm4-1': 0.734}",0.0,inf,inf,inf,92.303,92.303
843,TT4,BESTEFFORT,CANCELLED,,87.344,"{'m1-1': 2.08, 'm2-1': 1.474, 'm3-1': 4.989, 'm4-1': 1.063}",0.0,inf,inf,inf,92.344,92.344
844,TT2,BESTEFFORT,CANCELLED,,87.369,"{'m1-1': 2.398, 'm2-1': 1.734, 'm3-1': 4.33, 'm4-1': 0.815}",0.0,inf,inf,inf,92.469,92.469
845,TT4,BESTEFFORT,CANCELLED,,87.441,"{'m1-1': 2.163, 'm2-1': 1.726, 'm3-1': 4.769, 'm4-1': 0.837}",0.0,inf,inf,inf,92.441,92.441
846,TT2,BESTEFFORT,CANCELLED,,87.568,"{'m1-1': 2.013, 'm2-1': 1.823, 'm3-1': 4.331, 'm4-1': 0.823}",0.0,inf,inf,inf,92.66799999999999,92.66799999999999
847,TT1,BESTEFFORT,COMPLETED,m4-1,87.598,"{'m1-1': 1.995, 'm2-1': 1.714, 'm3-1': 4.297, 'm4-1': 0.741}",1.1115,90.689,91.42999999999999,inf,92.598,92.598
848,TT4,BESTEFFORT,CANCELLED,,87.803,"{'m1-1': 1.925, 'm2-1': 1.775, 'm3-1': 5.034, 'm4-1': 0.957}",0.0,inf,inf,inf,92.803,92.803
849,TT2,BESTEFFORT,MISSED,m2-1,88.043,"{'m1-1': 2.329, 'm2-1': 1.898, 'm3-1': 4.317, 'm4-1': 0.997}",5.331000000000003,91.366,inf,93.143,93.143,93.143
850,TT2,BESTEFFORT,CANCELLED,,88.101,"{'m1-1': 2.016, 'm2-1': 1.52, 'm3-1': 4.993, 'm4-1': 0.736}",0.0,inf,inf,inf,93.201,93.201
851,TT3,BESTEFFORT,MISSED,m1-1,88.157,"{'m1-1': 2.337, 'm2-1': 1.434, 'm3-1': 4.66, 'm4-1': 0.907}",3.2639999999999874,91.31700000000001,inf,93.357,93.357,93.357
852,TT4,BESTEFFORT,CANCELLED,,88.237,"{'m1-1': 2.129, 'm2-1': 1.35, 'm3-1': 3.983, 'm4-1': 1.068}",0.0,inf,inf,inf,93.237,93.237
853,TT4,BESTEFFORT,CANCELLED,,88.363,"{'m1-1': 1.835, 'm2-1': 1.433, 'm3-1': 5.016, 'm4-1': 0.901}",0.0,inf,inf,inf,93.363,93.363
854,TT3,BESTEFFORT,CANCELLED,,88.461,"{'m1-1': 2.169, 'm2-1': 1.444, 'm3-1': 4.458, 'm4-1': 0.961}",0.0,inf,inf,inf,93.661,93.661
855,TT1,BESTEFFORT,CANCELLED,,88.486,"{'m1-1': 2.096, 'm2-1': 1.863, 'm3-1': 4.998, 'm4-1': 0.837}",0.0,inf,inf,inf,93.486,93.486
856,TT1,BESTEFFORT,CANCELLED,,88.527,"{'m1-1': 1.856, 'm2-1': 1.787, 'm3-1': 3.692, 'm4-1': 0.804}",0.0,inf,inf,inf,93.527,93.527
857,TT1,BESTEFFORT,CANCELLED,,88.536,"{'m1-1': 2.226, 'm2-1': 1.866, 'm3-1': 4.549, 'm4-1': 0.785}",0.0,inf,inf,inf,93.536,93.536
858,TT1,BESTEFFORT,CANCELLED,,88.614,"{'m1-1': 2.467, 'm2-1': 1.551, 'm3-1': 4.757, 'm4-1': 0.857}",0.0,inf,inf,inf,93.614,93.614
859,TT3,BESTEFFORT,CANCELLED,,88.647,"{'m1-1': 2.289, 'm2-1': 1.399, 'm3-1': 4.501, 'm4-1': 0.84}",0.0,inf,inf,inf,93.84700000000001,93.84700000000001
860,TT3,BESTEFFORT,CANCELLED,,88.73,"{'m1-1': 2.329, 'm2-1': 1.526, 'm3-1': 5.925, 'm4-1': 1.006}",0.0,inf,inf,inf,93.93,93.93
861,TT1,BESTEFFORT,COMPLETED,m4-1,88.772,"{'m1-1': 2.351, 'm2-1': 1.773, 'm3-1': 4.871, 'm4-1': 0.761}",1.1415,91.42999999999999,92.19099999999999,inf,93.772,93.772
862,TT1,BESTEFFORT,MISSED,m3-1,88.808,"{'m1-1': 2.018, 'm2-1': 1.413, 'm3-1': 4.389, 'm4-1': 0.668}",6.791400000000019,90.035,inf,93.808,93.808,93.808
863,TT2,BESTEFFORT,CANCELLED,,88.985,"{'m1-1': 2.558, 'm2-1': 1.651, 'm3-1': 4.894, 'm4-1': 0.857}",0.0,inf,inf,inf,94.085,94.085
864,TT4,BESTEFFORT,CANCELLED,,88.99,"{'m1-1': 2.45, 'm2-1': 1.644, 'm3-1': 3.79, 'm4-1': 0.933}",0.0,inf,inf,inf,93.99,93.99
865,TT1,BESTEFFORT,CANCELLED,,88.995,"{'m1-1': 2.138, 'm2-1': 1.555, 'm3-1': 4.386, 'm4-1': 0.716}",0.0,inf,inf,inf,93.995,93.995
866,TT1,BESTEFFORT,CANCELLED,,89.061,"{'m1-1': 2.029, 'm2-1': 1.61, 'm3-1': 4.17, 'm4-1': 0.722}",0.0,inf,inf,inf,94.061,94.061
867,TT2,BESTEFFORT,CANCELLED,,89.073,"{'m1-1': 2.64, 'm2-1': 1.728, 'm3-1': 4.706, 'm4-1': 0.84}",0.0,inf,inf,inf,94.17299999999999,94.17299999999999
868,TT1,BESTEFFORT,CANCELLED,,89.17,"{'m1-1': 2.274, 'm2-1': 1.838, 'm3-1': 4.235, 'm4-1': 0.661}",0.0,inf,inf,inf,94.17,94.17
869,TT2,BESTEFFORT,CANCELLED,,89.236,"{'m1-1': 2.554, 'm2-1': 1.632, 'm3-1': 3.835, 'm4-1': 0.956}",0.0,inf,inf,inf,94.336,94.336
870,TT3,BESTEFFORT,CANCELLED,,89.259,"{'m1-1': 2.318, 'm2-1': 1.602, 'm3-1': 4.395, 'm4-1': 0.811}",0.0,inf,inf,inf,94.459,94.459
871,TT1,BESTEFFORT,CANCELLED,,89.421,"{'m1-1': 2.174, 'm2-1': 1.662, 'm3-1': 4.354, 'm4-1': 0.754}",0.0,inf,inf,inf,94.421,94.421
872,TT4,BESTEFFORT,CANCELLED,,89.543,"{'m1-1': 2.376, 'm2-1': 1.622, 'm3-1': 5.054, 'm4-1': 1.038}",0.0,inf,inf,inf,94.543,94.543
873,TT2,BESTEFFORT,CANCELLED,,89.643,"{'m1-1': 2.414, 'm2-1': 2.005, 'm3-1': 4.059, 'm4-1': 0.928}",0.0,inf,inf,inf,94.743,94.743
874,TT4,BESTEFFORT,CANCELLED,,89.699,"{'m1-1': 2.381, 'm2-1': 1.764, 'm3-1': 3.647, 'm4-1': 1.016}",0.0,inf,inf,inf,94.699,94.699
875,TT1,BESTEFFORT,MISSED,m2-1,89.71,"{'m1-1': 2.048, 'm2-1': 1.968, 'm3-1': 3.832, 'm4-1': 0.647}",4.700999999999979,93.143,inf,94.71,94.71,94.71
876,TT3,BESTEFFORT,CANCELLED,,89.756,"{'m1-1': 2.268, 'm2-1': 1.767, 'm3-1': 5.02, 'm4-1': 0.852}",0.0,inf,inf,inf,94.956,94.956
877,TT4,BESTEFFORT,CANCELLED,,89.811,"{'m1-1': 2.003, 'm2-1': 1.535, 'm3-1': 3.903, 'm4-1': 1.004}",0.0,inf,inf,inf,94.811,94.811
878,TT3,BESTEFFORT,MISSED,m1-1,89.852,"{'m1-1': 2.089, 'm2-1': 1.581, 'm3-1': 5.152, 'm4-1': 0.792}",2.712000000000012,93.357,inf,95.052,95.052,95.052
879,TT1,BESTEFFORT,COMPLETED,m4-1,89.93,"{'m1-1': 1.947, 'm2-1': 1.793, 'm3-1': 4.253, 'm4-1': 0.623}",0.9345,92.19099999999999,92.814,inf,94.93,94.93
880,TT1,BESTEFFORT,CANCELLED,,90.255,"{'m1-1': 2.2, 'm2-1': 1.647, 'm3-1': 4.072, 'm4-1': 0.786}",0.0,inf,inf,inf,95.255,95.255
881,TT1,BESTEFFORT,CANCELLED,m4-1,90.447,"{'m1-1': 1.879, 'm2-1': 1.679, 'm3-1': 4.618, 'm4-1': 0.719}",0.0,inf,inf,inf,95.447,95.447
882,TT4,BESTEFFORT,CANCELLED,,90.579,"{'m1-1': 1.829, 'm2-1': 1.436, 'm3-1': 4.62, 'm4-1': 0.957}",0.0,inf,inf,inf,95.579,95.579
883,TT4,BESTEFFORT,CANCELLED,,90.649,"{'m1-1': 1.828, 'm2-1': 1.825, 'm3-1': 4.846, 'm4-1': 0.837}",0.0,inf,inf,inf,95.649,95.649
884,TT2,BESTEFFORT,CANCELLED,,90.7,"{'m1-1': 2.269, 'm2-1': 1.512, 'm3-1': 4.306, 'm4-1': 0.8}",0.0,inf,inf,inf,95.8,95.8
885,TT2,BESTEFFORT,CANCELLED,,90.894,"{'m1-1': 2.215, 'm2-1': 2.02, 'm3-1': 4.909, 'm4-1': 0.766}",0.0,inf,inf,inf,95.994,95.994
886,TT1,BESTEFFORT,CANCELLED,,91.035,"{'m1-1': 1.925, 'm2-1': 1.609, 'm3-1': 4.392, 'm4-1': 0.843}",0.0,inf,inf,inf,96.035,96.035
887,TT3,BESTEFFORT,COMPLETED,m2-1,91.157,"{'m1-1': 2.24, 'm2-1': 1.523, 'm3-1': 4.6, 'm4-1': 0.861}",4.569,94.71,96.23299999999999,inf,96.357,96.357
888,TT4,BESTEFFORT,CANCELLED,,91.373,"{'m1-1': 2.204, 'm2-1': 1.558, 'm3-1': 4.356, 'm4-1': 0.837}",0.0,inf,inf,inf,96.373,96.373
889,TT3,BESTEFFORT,COMPLETED,m4-1,91.418,"{'m1-1': 1.773, 'm2-1': 1.544, 'm3-1': 4.235, 'm4-1': 0.947}",1.4204999999999999,92.814,93.761,inf,96.61800000000001,96.61800000000001
890,TT3,BESTEFFORT,COMPLETED,m4-1,91.921,"{'m1-1': 2.395, 'm2-1': 1.587, 'm3-1': 4.38, 'm4-1': 0.986}",1.479,93.761,94.747,inf,97.12100000000001,97.12100000000001
891,TT1,BESTEFFORT,CANCELLED,,92.126,"{'m1-1': 2.029, 'm2-1': 1.841, 'm3-1': 4.083, 'm4-1': 0.767}",0.0,inf,inf,inf,97.126,97.126
892,TT1,BESTEFFORT,MISSED,m1-1,92.147,"{'m1-1': 2.496, 'm2-1': 1.444, 'm3-1': 4.186, 'm4-1': 0.75}",3.3519999999999985,95.052,inf,97.147,97.147,97.147
893,TT1,BESTEFFORT,CANCELLED,,92.15,"{'m1-1': 2.214, 'm2-1': 1.877, 'm3-1': 3.816, 'm4-1': 0.848}",0.0,inf,inf,inf,97.15,97.15
894,TT3,BESTEFFORT,COMPLETED,m4-1,92.18,"{'m1-1': 1.81, 'm2-1': 1.568, 'm3-1': 5.691, 'm4-1': 1.014}",1.521,94.747,95.761,inf,97.38000000000001,97.38000000000001
895,TT3,BESTEFFORT,CANCELLED,,92.215,"{'m1-1': 2.261, 'm2-1': 1.397, 'm3-1': 5.419, 'm4-1': 1.011}",0.0,inf,inf,inf,97.415,97.415
896,TT3,BESTEFFORT,CANCELLED,,92.306,"{'m1-1': 2.038, 'm2-1': 1.395, 'm3-1': 4.452, 'm4-1': 0.923}",0.0,inf,inf,inf,97.506,97.506
897,TT1,BESTEFFORT,CANCELLED,,92.394,"{'m1-1': 2.334, 'm2-1': 1.716, 'm3-1': 5.102, 'm4-1': 0.668}",0.0,inf,inf,inf,97.394,97.394
898,TT3,BESTEFFORT,CANCELLED,,92.485,"{'m1-1': 1.833, 'm2-1': 1.581, 'm3-1': 5.647, 'm4-1': 0.74}",0.0,inf,inf,inf,97.685,97.685
899,TT4,BESTEFFORT,CANCELLED,m4-1,92.604,"{'m1-1': 2.158, 'm2-1': 1.445, 'm3-1': 4.886, 'm4-1': 0.87}",0.0,inf,inf,inf,97.604,97.604
900,TT4,BESTEFFORT,MISSED,m3-1,92.63,"{'m1-1': 2.312, 'm2-1': 1.797, 'm3-1': 4.662, 'm4-1': 1.02}",6.8795999999999795,93.808,inf,97.63,97.63,97.63
901,TT3,BESTEFFORT,MISSED,m2-1,92.633,"{'m1-1': 2.348, 'm2-1': 1.655, 'm3-1': 5.913, 'm4-1': 0.828}",4.800000000000026,96.23299999999999,inf,97.833,97.833,97.833
902,TT4,BESTEFFORT,CANCELLED,,92.859,"{'m1-1': 2.04, 'm2-1': 1.376, 'm3-1': 4.897, 'm4-1': 0.853}",0.0,inf,inf,inf,97.859,97.859
903,TT3,BESTEFFORT,COMPLETED,m4-1,92.868,"{'m1-1': 2.26, 'm2-1': 1.277, 'm3-1': 5.229, 'm4-1': 0.811}",1.2165000000000001,95.761,96.572,inf,98.068,98.068
904,TT2,BESTEFFORT,CANCELLED,,93.072,"{'m1-1': 1.882, 'm2-1': 1.739, 'm3-1': 3.898, 'm4-1': 0.819}",0.0,inf,inf,inf,98.172,98.172
905,TT3,BESTEFFORT,CANCELLED,,93.109,"{'m1-1': 2.317, 'm2-1': 1.335, 'm3-1': 5.174, 'm4-1': 0.919}",0.0,inf,inf,inf,98.309,98.309
906,TT3,BESTEFFORT,CANCELLED,,93.15,"{'m1-1': 2.34, 'm2-1': 1.597, 'm3-1': 5.585, 'm4-1': 0.914}",0.0,inf,inf,inf,98.35000000000001,98.35000000000001
907,TT2,BESTEFFORT,CANCELLED,,93.156,"{'m1-1': 1.976, 'm2-1': 1.875, 'm3-1': 4.61, 'm4-1': 0.9}",0.0,inf,inf,inf,98.256,98.256
908,TT4,BESTEFFORT,CANCELLED,,93.3,"{'m1-1': 1.89, 'm2-1': 1.427, 'm3-1': 4.184, 'm4-1': 0.806}",0.0,inf,inf,inf,98.3,98.3
909,TT4,BESTEFFORT,CANCELLED,,93.403,"{'m1-1': 2.102, 'm2-1': 1.803, 'm3-1': 4.732, 'm4-1': 0.923}",0.0,inf,inf,inf,98.403,98.403
910,TT3,BESTEFFORT,CANCELLED,,93.432,"{'m1-1': 2.346, 'm2-1': 1.589, 'm3-1': 4.359, 'm4-1': 0.828}",0.0,inf,inf,inf,98.632,98.632
911,TT1,BESTEFFORT,CANCELLED,,93.476,"{'m1-1': 2.131, 'm2-1': 1.758, 'm3-1': 3.861, 'm4-1': 0.825}",0.0,inf,inf,inf,98.476,98.476
912,TT3,BESTEFFORT,CANCELLED,m4-1,93.71,"{'m1-1': 2.018, 'm2-1': 1.551, 'm3-1': 5.912, 'm4-1': 0.927}",0.0,inf,inf,inf,98.91,98.91
913,TT4,BESTEFFORT,CANCELLED,,93.737,"{'m1-1': 2.102, 'm2-1': 1.519, 'm3-1': 5.054, 'm4-1': 1.066}",0.0,inf,inf,inf,98.737,98.737
914,TT1,BESTEFFORT,CANCELLED,,93.882,"{'m1-1': 2.095, 'm2-1': 1.846, 'm3-1': 4.17, 'm4-1': 0.825}",0.0,inf,inf,inf,98.882,98.882
915,TT4,BESTEFFORT,MISSED,m1-1,94.013,"{'m1-1': 2.279, 'm2-1': 1.453, 'm3-1': 4.981, 'm4-1': 0.899}",2.9856,97.147,inf,99.013,99.013,99.013
916,TT4,BESTEFFORT,CANCELLED,,94.087,"{'m1-1': 2.001, 'm2-1': 1.884, 'm3-1': 3.687, 'm4-1': 0.876}",0.0,inf,inf,inf,99.087,99.087
917,TT3,BESTEFFORT,COMPLETED,m2-1,94.15,"{'m1-1': 2.157, 'm2-1': 1.389, 'm3-1': 4.81, 'm4-1': 0.932}",4.167,97.833,99.222,inf,99.35000000000001,99.35000000000001
918,TT2,BESTEFFORT,CANCELLED,,94.261,"{'m1-1': 2.008, 'm2-1': 1.964, 'm3-1': 4.062, 'm4-1': 0.815}",0.0,inf,inf,inf,99.36099999999999,99.36099999999999
919,TT3,BESTEFFORT,CANCELLED,,94.331,"{'m1-1': 1.759, 'm2-1': 1.516, 'm3-1': 4.972, 'm4-1': 0.784}",0.0,inf,inf,inf,99.531,99.531
920,TT3,BESTEFFORT,CANCELLED,,94.43,"{'m1-1': 2.069, 'm2-1': 1.624, 'm3-1': 4.485, 'm4-1': 0.813}",0.0,inf,inf,inf,99.63000000000001,99.63000000000001
921,TT4,BESTEFFORT,CANCELLED,m4-1,94.474,"{'m1-1': 2.247, 'm2-1': 1.805, 'm3-1': 4.175, 'm4-1': 0.95}",0.0,inf,inf,inf,99.474,99.474
922,TT4,BESTEFFORT,CANCELLED,,94.606,"{'m1-1': 1.731, 'm2-1': 1.477, 'm3-1': 4.531, 'm4-1': 0.926}",0.0,inf,inf,inf,99.606,99.606
923,TT3,BESTEFFORT,CANCELLED,m4-1,94.752,"{'m1-1': 2.405, 'm2-1': 1.281, 'm3-1': 5.168, 'm4-1': 0.862}",0.0,inf,inf,inf,99.952,99.952
924,TT1,BESTEFFORT,CANCELLED,m4-1,94.993,"{'m1-1': 2.36, 'm2-1': 1.638, 'm3-1': 3.617, 'm4-1': 0.773}",0.0,inf,inf,inf,99.993,99.993
925,TT2,BESTEFFORT,CANCELLED,,95.12,"{'m1-1': 2.04, 'm2-1': 2.133, 'm3-1': 3.702, 'm4-1': 0.749}",0.0,inf,inf,inf,100.22,100.22
926,TT4,BESTEFFORT,CANCELLED,,95.154,"{'m1-1': 2.165, 'm2-1': 1.396, 'm3-1': 4.868, 'm4-1': 1.042}",0.0,inf,inf,inf,100.154,100.154
927,TT1,BESTEFFORT,CANCELLED,,95.216,"{'m1-1': 2.333, 'm2-1': 1.448, 'm3-1': 4.311, 'm4-1': 0.736}",0.0,inf,inf,inf,100.216,100.216
928,TT3,BESTEFFORT,CANCELLED,,95.25,"{'m1-1': 1.96, 'm2-1': 1.428, 'm3-1': 5.936, 'm4-1': 0.748}",0.0,inf,inf,inf,100.45,100.45
929,TT2,BESTEFFORT,CANCELLED,,95.434,"{'m1-1': 2.628, 'm2-1': 1.585, 'm3-1': 3.726, 'm4-1': 0.933}",0.0,inf,inf,inf,100.53399999999999,100.53399999999999
930,TT4,BESTEFFORT,CANCELLED,,95.536,"{'m1-1': 2.015, 'm2-1': 1.668, 'm3-1': 4.03, 'm4-1': 0.887}",0.0,inf,inf,inf,100.536,100.536
931,TT3,BESTEFFORT,COMPLETED,m2-1,95.604,"{'m1-1': 2.001, 'm2-1': 1.531, 'm3-1': 4.477, 'm4-1': 0.814}",4.593,99.222,100.753,inf,100.804,100.804
932,TT1,BESTEFFORT,CANCELLED,m4-1,95.615,"{'m1-1': 2.145, 'm2-1': 1.522, 'm3-1': 3.797, 'm4-1': 0.758}",0.0,inf,inf,inf,100.615,100.615
933,TT2,BESTEFFORT,COMPLETED,m4-1,95.654,"{'m1-1': 2.57, 'm2-1': 2.056, 'm3-1': 3.737, 'm4-1': 0.869}",1.3035,96.572,97.441,inf,100.75399999999999,100.75399999999999
934,TT2,BESTEFFORT,COMPLETED,m4-1,95.818,"{'m1-1': 2.394, 'm2-1': 2.111, 'm3-1': 4.975, 'm4-1': 0.998}",1.4969999999999999,97.441,98.43900000000001,inf,100.91799999999999,100.91799999999999
935,TT1,BESTEFFORT,CANCELLED,m4-1,95.911,"{'m1-1': 2.614, 'm2-1': 1.644, 'm3-1': 3.904, 'm4-1': 0.716}",0.0,inf,inf,inf,100.911,100.911
936,TT1,BESTEFFORT,MISSED,m3-1,96.307,"{'m1-1': 2.013, 'm2-1': 1.501, 'm3-1': 5.004, 'm4-1': 0.707}",6.618600000000012,97.63,inf,101.307,101.307,101.307
937,TT4,BESTEFFORT,MISSED,m1-1,96.33,"{'m1-1': 2.398, 'm2-1': 1.427, 'm3-1': 4.046, 'm4-1': 0.994}",3.707199999999989,99.013,inf,101.33,101.33,101.33
938,TT3,BESTEFFORT,CANCELLED,,96.332,"{'m1-1': 2.227, 'm2-1': 1.415, 'm3-1': 5.555, 'm4-1': 0.833}",0.0,inf,inf,inf,101.532,101.532
939,TT4,BESTEFFORT,COMPLETED,m4-1,96.432,"{'m1-1': 2.083, 'm2-1': 1.452, 'm3-1': 4.997, 'm4-1': 0.921}",1.3815,98.43900000000001,99.36000000000001,inf,101.432,101.432
940,TT1,BESTEFFORT,CANCELLED,m4-1,96.539,"{'m1-1': 1.937, 'm2-1': 1.541, 'm3-1': 4.836, 'm4-1': 0.86}",0.0,inf,inf,inf,101.539,101.539
941,TT2,BESTEFFORT,COMPLETED,m4-1,96.64,"{'m1-1': 2.16, 'm2-1': 2.012, 'm3-1': 4.556, 'm4-1': 0.812}",1.218,99.36000000000001,100.17200000000001,inf,101.74,101.74
942,TT2,BESTEFFORT,CANCELLED,,96.906,"{'m1-1': 2.021, 'm2-1': 1.995, 'm3-1': 3.864, 'm4-1': 0.889}",0.0,inf,inf,inf,102.006,102.006
943,TT1,BESTEFFORT,CANCELLED,,96.937,"{'m1-1': 2.42, 'm2-1': 1.846, 'm3-1': 4.89, 'm4-1': 0.861}",0.0,inf,inf,inf,101.937,101.937
944,TT4,BESTEFFORT,CANCELLED,,96.978,"{'m1-1': 2.156, 'm2-1': 1.731, 'm3-1': 4.614, 'm4-1': 1.066}",0.0,inf,inf,inf,101.978,101.978
945,TT2,BESTEFFORT,CANCELLED,,96.984,"{'m1-1': 2.613, 'm2-1': 2.013, 'm3-1': 4.947, 'm4-1': 0.775}",0.0,inf,inf,inf,102.08399999999999,102.08399999999999
946,TT3,BESTEFFORT,MISSED,m2-1,97.017,"{'m1-1': 2.095, 'm2-1': 1.496, 'm3-1': 5.684, 'm4-1': 0.871}",4.391999999999996,100.753,inf,102.217,102.217,102.217
947,TT4,BESTEFFORT,COMPLETED,m4-1,97.243,"{'m1-1': 2.388, 'm2-1': 1.386, 'm3-1': 4.312, 'm4-1': 0.777}",1.1655,100.17200000000001,100.94900000000001,inf,102.243,102.243
948,TT1,BESTEFFORT,CANCELLED,,97.319,"{'m1-1': 2.612, 'm2-1': 1.921, 'm3-1': 4.481, 'm4-1': 0.81}",0.0,inf,inf,inf,102.319,102.319
949,TT4,BESTEFFORT,CANCELLED,,97.465,"{'m1-1': 1.981, 'm2-1': 1.382, 'm3-1': 3.979, 'm4-1': 1.011}",0.0,inf,inf,inf,102.465,102.465
950,TT2,BESTEFFORT,CANCELLED,,97.531,"{'m1-1': 2.264, 'm2-1': 2.013, 'm3-1': 3.647, 'm4-1': 0.852}",0.0,inf,inf,inf,102.631,102.631
951,TT2,BESTEFFORT,CANCELLED,,97.694,"{'m1-1': 1.92, 'm2-1': 1.723, 'm3-1': 5.053, 'm4-1': 0.737}",0.0,inf,inf,inf,102.794,102.794
952,TT3,BESTEFFORT,CANCELLED,,98.005,"{'m1-1': 1.951, 'm2-1': 1.329, 'm3-1': 5.958, 'm4-1': 0.993}",0.0,inf,inf,inf,103.205,103.205
953,TT3,BESTEFFORT,MISSED,m1-1,98.009,"{'m1-1': 2.248, 'm2-1': 1.795, 'm3-1': 4.787, 'm4-1': 0.817}",3.006400000000008,101.33,inf,103.209,103.209,103.209
954,TT2,BESTEFFORT,CANCELLED,,98.082,"{'m1-1': 2.368, 'm2-1': 1.598, 'm3-1': 3.637, 'm4-1': 0.745}",0.0,inf,inf,inf,103.18199999999999,103.18199999999999
955,TT1,BESTEFFORT,CANCELLED,,98.287,"{'m1-1': 1.987, 'm2-1': 1.668, 'm3-1': 4.075, 'm4-1': 0.617}",0.0,inf,inf,inf,103.287,103.287
956,TT4,BESTEFFORT,COMPLETED,m4-1,98.384,"{'m1-1': 2.07, 'm2-1': 1.489, 'm3-1': 3.965, 'm4-1': 0.815}",1.2225,100.94900000000001,101.76400000000001,inf,103.384,103.384
957,TT3,BESTEFFORT,MISSED,m2-1,98.489,"{'m1-1': 1.916, 'm2-1': 1.557, 'm3-1': 4.911, 'm4-1': 0.748}",4.416000000000025,102.217,inf,103.68900000000001,103.68900000000001,103.68900000000001
958,TT4,BESTEFFORT,CANCELLED,,98.61,"{'m1-1': 2.107, 'm2-1': 1.726, 'm3-1': 3.822, 'm4-1': 1.038}",0.0,inf,inf,inf,103.61,103.61
959,TT2,BESTEFFORT,CANCELLED,,98.752,"{'m1-1': 1.897, 'm2-1': 2.105, 'm3-1': 4.1, 'm4-1': 0.914}",0.0,inf,inf,inf,103.85199999999999,103.85199999999999
960,TT2,BESTEFFORT,CANCELLED,,98.78,"{'m1-1': 2.221, 'm2-1': 1.878, 'm3-1': 5.121, 'm4-1': 0.97}",0.0,inf,inf,inf,103.88,103.88
961,TT3,BESTEFFORT,CANCELLED,,98.859,"{'m1-1': 1.863, 'm2-1': 1.368, 'm3-1': 5.646, 'm4-1': 0.852}",0.0,inf,inf,inf,104.059,104.059
962,TT2,BESTEFFORT,CANCELLED,,98.954,"{'m1-1': 2.529, 'm2-1': 1.605, 'm3-1': 3.732, 'm4-1': 0.917}",0.0,inf,inf,inf,104.05399999999999,104.05399999999999
963,TT4,BESTEFFORT,CANCELLED,,99.004,"{'m1-1': 2.098, 'm2-1': 1.414, 'm3-1': 3.801, 'm4-1': 1.01}",0.0,inf,inf,inf,104.004,104.004
964,TT2,BESTEFFORT,COMPLETED,m4-1,99.354,"{'m1-1': 2.226, 'm2-1': 1.61, 'm3-1': 4.245, 'm4-1': 0.937}",1.4055,101.76400000000001,102.70100000000001,inf,104.454,104.454
965,TT2,BESTEFFORT,CANCELLED,,99.374,"{'m1-1': 2.466, 'm2-1': 1.681, 'm3-1': 4.072, 'm4-1': 0.797}",0.0,inf,inf,inf,104.47399999999999,104.47399999999999
966,TT3,BESTEFFORT,CANCELLED,,99.385,"{'m1-1': 2.22, 'm2-1': 1.794, 'm3-1': 4.916, 'm4-1': 0.824}",0.0,inf,inf,inf,104.58500000000001,104.58500000000001
967,TT1,BESTEFFORT,CANCELLED,,99.456,"{'m1-1': 2.592, 'm2-1': 1.48, 'm3-1': 4.26, 'm4-1': 0.625}",0.0,inf,inf,inf,104.456,104.456
968,TT4,BESTEFFORT,CANCELLED,,99.556,"{'m1-1': 2.202, 'm2-1': 1.597, 'm3-1': 4.485, 'm4-1': 0.965}",0.0,inf,inf,inf,104.556,104.556
969,TT2,BESTEFFORT,CANCELLED,,99.606,"{'m1-1': 2.097, 'm2-1': 2.067, 'm3-1': 4.307, 'm4-1': 0.771}",0.0,inf,inf,inf,104.70599999999999,104.70599999999999
970,TT3,BESTEFFORT,CANCELLED,,99.701,"{'m1-1': 2.303, 'm2-1': 1.748, 'm3-1': 4.671, 'm4-1': 0.766}",0.0,inf,inf,inf,104.901,104.901
971,TT1,BESTEFFORT,CANCELLED,,99.781,"{'m1-1': 2.057, 'm2-1': 1.934, 'm3-1': 4.061, 'm4-1': 0.799}",0.0,inf,inf,inf,104.781,104.781
972,TT4,BESTEFFORT,CANCELLED,,99.869,"{'m1-1': 1.909, 'm2-1': 1.551, 'm3-1': 3.66, 'm4-1': 0.977}",0.0,inf,inf,inf,104.869,104.869
973,TT3,BESTEFFORT,COMPLETED,m2-1,100.093,"{'m1-1': 2.293, 'm2-1': 1.335, 'm3-1': 5.515, 'm4-1': 0.884}",4.005,103.68900000000001,105.024,inf,105.293,105.293
974,TT1,BESTEFFORT,COMPLETED,m4-1,100.17,"{'m1-1': 2.037, 'm2-1': 1.942, 'm3-1': 3.775, 'm4-1': 0.64}",0.96,102.70100000000001,103.34100000000001,inf,105.17,105.17
975,TT3,BESTEFFORT,CANCELLED,,100.171,"{'m1-1': 2.273, 'm2-1': 1.624, 'm3-1': 5.615, 'm4-1': 0.967}",0.0,inf,inf,inf,105.37100000000001,105.37100000000001
976,TT1,BESTEFFORT,MISSED,m1-1,100.229,"{'m1-1': 2.327, 'm2-1': 1.559, 'm3-1': 4.339, 'm4-1': 0.723}",3.231999999999994,103.209,inf,105.229,105.229,105.229
977,TT3,BESTEFFORT,CANCELLED,,100.835,"{'m1-1': 2.075, 'm2-1': 1.306, 'm3-1': 4.505, 'm4-1': 0.72}",0.0,inf,inf,inf,106.035,106.035
978,TT3,BESTEFFORT,MISSED,m3-1,100.889,"{'m1-1': 1.751, 'm2-1': 1.412, 'm3-1': 5.303, 'm4-1': 0.733}",8.607599999999994,101.307,inf,106.089,106.089,106.089
979,TT3,BESTEFFORT,CANCELLED,m4-1,100.899,"{'m1-1': 2.199, 'm2-1': 1.682, 'm3-1': 4.784, 'm4-1': 0.74}",0.0,inf,inf,inf,106.099,106.099
980,TT2,BESTEFFORT,COMPLETED,m4-1,101.031,"{'m1-1': 2.311, 'm2-1': 1.985, 'm3-1': 4.541, 'm4-1': 0.976}",1.464,103.34100000000001,104.31700000000001,inf,106.131,106.131
981,TT1,BESTEFFORT,CANCELLED,,101.044,"{'m1-1': 2.017, 'm2-1': 1.959, 'm3-1': 4.674, 'm4-1': 0.636}",0.0,inf,inf,inf,106.044,106.044
982,TT3,BESTEFFORT,CANCELLED,,101.092,"{'m1-1': 1.819, 'm2-1': 1.783, 'm3-1': 4.999, 'm4-1': 0.746}",0.0,inf,inf,inf,106.292,106.292
983,TT4,BESTEFFORT,CANCELLED,,101.127,"{'m1-1': 2.327, 'm2-1': 1.855, 'm3-1': 4.293, 'm4-1': 0.996}",0.0,inf,inf,inf,106.127,106.127
984,TT1,BESTEFFORT,CANCELLED,,101.228,"{'m1-1': 1.865, 'm2-1': 1.494, 'm3-1': 4.425, 'm4-1': 0.642}",0.0,inf,inf,inf,106.228,106.228
985,TT3,BESTEFFORT,CANCELLED,,101.235,"{'m1-1': 2.347, 'm2-1': 1.715, 'm3-1': 4.471, 'm4-1': 0.719}",0.0,inf,inf,inf,106.435,106.435
986,TT4,BESTEFFORT,CANCELLED,,101.378,"{'m1-1': 1.989, 'm2-1': 1.775, 'm3-1': 4.724, 'm4-1': 0.854}",0.0,inf,inf,inf,106.378,106.378
987,TT2,BESTEFFORT,CANCELLED,,101.448,"{'m1-1': 2.143, 'm2-1': 1.61, 'm3-1': 4.356, 'm4-1': 0.969}",0.0,inf,inf,inf,106.54799999999999,106.54799999999999
988,TT1,BESTEFFORT,CANCELLED,,101.455,"{'m1-1': 2.284, 'm2-1': 1.541, 'm3-1': 5.11, 'm4-1': 0.749}",0.0,inf,inf,inf,106.455,106.455
989,TT2,BESTEFFORT,CANCELLED,,101.499,"{'m1-1': 2.566, 'm2-1': 2.001, 'm3-1': 3.636, 'm4-1': 0.765}",0.0,inf,inf,inf,106.59899999999999,106.59899999999999
990,TT3,BESTEFFORT,COMPLETED,m2-1,101.631,"{'m1-1': 2.363, 'm2-1': 1.384, 'm3-1': 5.947, 'm4-1': 0.969}",4.151999999999999,105.024,106.408,inf,106.831,106.831
991,TT2,BESTEFFORT,CANCELLED,,101.675,"{'m1-1': 2.424, 'm2-1': 2.144, 'm3-1': 4.125, 'm4-1': 0.831}",0.0,inf,inf,inf,106.77499999999999,106.77499999999999
992,TT2,BESTEFFORT,COMPLETED,m4-1,101.687,"{'m1-1': 1.915, 'm2-1': 1.887, 'm3-1': 5.028, 'm4-1': 0.93}",1.395,104.31700000000001,105.24700000000001,inf,106.78699999999999,106.78699999999999
993,TT1,BESTEFFORT,CANCELLED,,101.887,"{'m1-1': 2.528, 'm2-1': 1.421, 'm3-1': 4.025, 'm4-1': 0.623}",0.0,inf,inf,inf,106.887,106.887
994,TT3,BESTEFFORT,MISSED,m1-1,101.943,"{'m1-1': 1.999, 'm2-1': 1.302, 'm3-1': 4.269, 'm4-1': 0.996}",3.0624000000000025,105.229,inf,107.143,107.143,107.143
995,TT4,BESTEFFORT,CANCELLED,,102.187,"{'m1-1': 2.076, 'm2-1': 1.705, 'm3-1': 4.706, 'm4-1': 0.905}",0.0,inf,inf,inf,107.187,107.187
996,TT1,BESTEFFORT,CANCELLED,,102.237,"{'m1-1': 1.972, 'm2-1': 1.675, 'm3-1': 4.909, 'm4-1': 0.636}",0.0,inf,inf,inf,107.237,107.237
997,TT3,BESTEFFORT,CANCELLED,,102.324,"{'m1-1': 1.804, 'm2-1': 1.507, 'm3-1': 4.346, 'm4-1': 0.938}",0.0,inf,inf,inf,107.524,107.524
998,TT4,BESTEFFORT,CANCELLED,,102.521,"{'m1-1': 1.976, 'm2-1': 1.685, 'm3-1': 4.44, 'm4-1': 1.039}",0.0,inf,inf,inf,107.521,107.521
999,TT4,BESTEFFORT,CANCELLED,,102.591,"{'m1-1': 2.347, 'm2-1': 1.749, 'm3-1': 3.919, 'm4-1': 0.755}",0.0,inf,inf,inf,107.591,107.591
1000,TT1,BESTEFFORT,COMPLETED,m4-1,102.623,"{'m1-1': 2.337, 'm2-1': 1.673, 'm3-1': 4.966, 'm4-1': 0.801}",1.2015,105.24700000000001,106.04800000000002,inf,107.623,107.623
1001,TT4,BESTEFFORT,CANCELLED,,102.699,"{'m1-1': 1.772, 'm2-1': 1.796, 'm3-1': 3.93, 'm4-1': 1.063}",0.0,inf,inf,inf,107.699,107.699
1002,TT3,BESTEFFORT,CANCELLED,,102.746,"{'m1-1': 2.057, 'm2-1': 1.334, 'm3-1': 4.884, 'm4-1': 0.941}",0.0,inf,inf,inf,107.946,107.946
1003,TT4,BESTEFFORT,CANCELLED,,102.785,"{'m1-1': 2.22, 'm2-1': 1.803, 'm3-1': 4.922, 'm4-1': 0.81}",0.0,inf,inf,inf,107.785,107.785
1004,TT4,BESTEFFORT,COMPLETED,m4-1,103.069,"{'m1-1': 1.793, 'm2-1': 1.761, 'm3-1': 4.591, 'm4-1': 0.987}",1.4805,106.04800000000002,107.03500000000001,inf,108.069,108.069
1005,TT3,BESTEFFORT,COMPLETED,m2-1,103.279,"{'m1-1': 2.336, 'm2-1': 1.444, 'm3-1': 5.595, 'm4-1': 0.886}",4.332,106.408,107.852,inf,108.479,108.479
1006,TT4,BESTEFFORT,CANCELLED,,103.393,"{'m1-1': 1.961, 'm2-1': 1.849, 'm3-1': 4.183, 'm4-1': 1.02}",0.0,inf,inf,inf,108.393,108.393
1007,TT1,BESTEFFORT,CANCELLED,,103.467,"{'m1-1': 2.54, 'm2-1': 1.859, 'm3-1': 4.917, 'm4-1': 0.697}",0.0,inf,inf,inf,108.467,108.467
1008,TT4,BESTEFFORT,CANCELLED,,103.522,"{'m1-1': 2.322, 'm2-1': 1.559, 'm3-1': 4.418, 'm4-1': 0.914}",0.0,inf,inf,inf,108.522,108.522
1009,TT3,BESTEFFORT,CANCELLED,,103.663,"{'m1-1': 2.268, 'm2-1': 1.312, 'm3-1': 5.173, 'm4-1': 0.976}",0.0,inf,inf,inf,108.863,108.863
1010,TT4,BESTEFFORT,COMPLETED,m4-1,104.313,"{'m1-1': 2.083, 'm2-1': 1.64, 'm3-1': 4.72, 'm4-1': 0.898}",1.347,107.03500000000001,107.933,inf,109.313,109.313
1011,TT4,BESTEFFORT,COMPLETED,m1-1,104.351,"{'m1-1': 1.834, 'm2-1': 1.72, 'm3-1': 5.086, 'm4-1': 0.891}",2.9344,107.143,108.977,inf,109.351,109.351
1012,TT2,BESTEFFORT,CANCELLED,,104.633,"{'m1-1': 1.91, 'm2-1': 1.769, 'm3-1': 4.886, 'm4-1': 0.996}",0.0,inf,inf,inf,109.73299999999999,109.73299999999999
1013,TT3,BESTEFFORT,COMPLETED,m2-1,104.643,"{'m1-1': 1.851, 'm2-1': 1.681, 'm3-1': 5.351, 'm4-1': 0.784}",5.043,107.852,109.533,inf,109.843,109.843
1014,TT4,BESTEFFORT,CANCELLED,,104.774,"{'m1-1': 2.2, 'm2-1': 1.358, 'm3-1': 3.869, 'm4-1': 1.005}",0.0,inf,inf,inf,109.774,109.774
1015,TT1,BESTEFFORT,MISSED,m3-1,104.905,"{'m1-1': 2.095, 'm2-1': 1.671, 'm3-1': 5.099, 'm4-1': 0.632}",6.868800000000005,106.089,inf,109.905,109.905,109.905
1016,TT3,BESTEFFORT,CANCELLED,,104.918,"{'m1-1': 1.914, 'm2-1': 1.305, 'm3-1': 5.069, 'm4-1': 0.839}",0.0,inf,inf,inf,110.11800000000001,110.11800000000001
1017,TT4,BESTEFFORT,CANCELLED,,105.03,"{'m1-1': 1.803, 'm2-1': 1.678, 'm3-1': 3.781, 'm4-1': 0.872}",0.0,inf,inf,inf,110.03,110.03
1018,TT2,BESTEFFORT,CANCELLED,,105.066,"{'m1-1': 2.386, 'm2-1': 1.75, 'm3-1': 5.121, 'm4-1': 0.933}",0.0,inf,inf,inf,110.166,110.166
1019,TT2,BESTEFFORT,CANCELLED,,105.179,"{'m1-1': 2.534, 'm2-1': 2.104, 'm3-1': 4.919, 'm4-1': 0.969}",0.0,inf,inf,inf,110.279,110.279
1020,TT2,BESTEFFORT,CANCELLED,m4-1,105.209,"{'m1-1': 2.414, 'm2-1': 2.009, 'm3-1': 4.179, 'm4-1': 0.722}",0.0,inf,inf,inf,110.309,110.309
1021,TT1,BESTEFFORT,COMPLETED,m4-1,105.292,"{'m1-1': 2.407, 'm2-1': 1.898, 'm3-1': 4.369, 'm4-1': 0.615}",0.9225,107.933,108.548,inf,110.292,110.292
1022,TT3,BESTEFFORT,CANCELLED,,105.465,"{'m1-1': 1.99, 'm2-1': 1.541, 'm3-1': 5.278, 'm4-1': 0.768}",0.0,inf,inf,inf,110.665,110.665
1023,TT2,BESTEFFORT,CANCELLED,,105.468,"{'m1-1': 2.035, 'm2-1': 1.839, 'm3-1': 5.005, 'm4-1': 0.794}",0.0,inf,inf,inf,110.568,110.568
1024,TT4,BESTEFFORT,CANCELLED,,105.522,"{'m1-1': 1.937, 'm2-1': 1.859, 'm3-1': 4.185, 'm4-1': 0.766}",0.0,inf,inf,inf,110.522,110.522
1025,TT2,BESTEFFORT,CANCELLED,,105.534,"{'m1-1': 2.427, 'm2-1': 1.546, 'm3-1': 4.784, 'm4-1': 0.838}",0.0,inf,inf,inf,110.634,110.634
1026,TT1,BESTEFFORT,CANCELLED,,105.58,"{'m1-1': 2.586, 'm2-1': 1.515, 'm3-1': 4.186, 'm4-1': 0.791}",0.0,inf,inf,inf,110.58,110.58
1027,TT1,BESTEFFORT,CANCELLED,,105.621,"{'m1-1': 2.34, 'm2-1': 1.854, 'm3-1': 4.067, 'm4-1': 0.668}",0.0,inf,inf,inf,110.621,110.621
1028,TT2,BESTEFFORT,CANCELLED,,105.755,"{'m1-1': 2.161, 'm2-1': 2.022, 'm3-1': 4.504, 'm4-1': 0.79}",0.0,inf,inf,inf,110.85499999999999,110.85499999999999
1029,TT1,BESTEFFORT,COMPLETED,m4-1,105.842,"{'m1-1': 1.95, 'm2-1': 1.741, 'm3-1': 4.694, 'm4-1': 0.846}",1.269,108.548,109.394,inf,110.842,110.842
1030,TT4,BESTEFFORT,CANCELLED,,105.942,"{'m1-1': 2.198, 'm2-1': 1.348, 'm3-1': 3.995, 'm4-1': 0.861}",0.0,inf,inf,inf,110.942,110.942
1031,TT1,BESTEFFORT,MISSED,m2-1,105.959,"{'m1-1': 2.348, 'm2-1': 1.543, 'm3-1': 3.717, 'm4-1': 0.629}",4.278000000000006,109.533,inf,110.959,110.959,110.959
1032,TT4,BESTEFFORT,MISSED,m1-1,106.082,"{'m1-1': 2.385, 'm2-1': 1.394, 'm3-1': 4.922, 'm4-1': 0.931}",3.367999999999984,108.977,inf,111.082,111.082,111.082
1033,TT2,BESTEFFORT,CANCELLED,,106.19,"{'m1-1': 2.368, 'm2-1': 1.894, 'm3-1': 4.846, 'm4-1': 1.013}",0.0,inf,inf,inf,111.28999999999999,111.28999999999999
1034,TT3,BESTEFFORT,CANCELLED,,106.245,"{'m1-1': 2.069, 'm2-1': 1.405, 'm3-1': 5.873, 'm4-1': 0.72}",0.0,inf,inf,inf,111.44500000000001,111.44500000000001
1035,TT3,BESTEFFORT,CANCELLED,,106.344,"{'m1-1': 2.328, 'm2-1': 1.478, 'm3-1': 4.625, 'm4-1': 0.918}",0.0,inf,inf,inf,111.544,111.544
1036,TT1,BESTEFFORT,CANCELLED,,106.916,"{'m1-1': 1.899, 'm2-1': 1.518, 'm3-1': 4.279, 'm4-1': 0.84}",0.0,inf,inf,inf,111.916,111.916
1037,TT2,BESTEFFORT,CANCELLED,,106.954,"{'m1-1': 2.32, 'm2-1': 1.712, 'm3-1': 4.111, 'm4-1': 0.753}",0.0,inf,inf,inf,112.05399999999999,112.05399999999999
1038,TT1,BESTEFFORT,COMPLETED,m4-1,106.962,"{'m1-1': 2.161, 'm2-1': 1.821, 'm3-1': 4.524, 'm4-1': 0.801}",1.2015,109.394,110.19500000000001,inf,111.962,111.962
1039,TT1,BESTEFFORT,CANCELLED,,107.075,"{'m1-1': 1.998, 'm2-1': 1.603, 'm3-1': 4.412, 'm4-1': 0.633}",0.0,inf,inf,inf,112.075,112.075
1040,TT1,BESTEFFORT,CANCELLED,,107.082,"{'m1-1': 2.388, 'm2-1': 1.761, 'm3-1': 5.095, 'm4-1': 0.707}",0.0,inf,inf,inf,112.082,112.082
1041,TT3,BESTEFFORT,MISSED,m2-1,107.122,"{'m1-1': 2.081, 'm2-1': 1.507, 'm3-1': 4.834, 'm4-1': 0.865}",4.088999999999999,110.959,inf,112.322,112.322,112.322
1042,TT3,BESTEFFORT,CANCELLED,,107.16,"{'m1-1': 1.721, 'm2-1': 1.42, 'm3-1': 4.921, 'm4-1': 0.845}",0.0,inf,inf,inf,112.36,112.36
1043,TT1,BESTEFFORT,CANCELLED,,107.202,"{'m1-1': 2.38, 'm2-1': 1.682, 'm3-1': 4.176, 'm4-1': 0.823}",0.0,inf,inf,inf,112.202,112.202
1044,TT1,BESTEFFORT,CANCELLED,,107.257,"{'m1-1': 2.274, 'm2-1': 1.631, 'm3-1': 4.783, 'm4-1': 0.758}",0.0,inf,inf,inf,112.257,112.257
1045,TT1,BESTEFFORT,CANCELLED,,107.309,"{'m1-1': 2.052, 'm2-1': 1.807, 'm3-1': 5.044, 'm4-1': 0.678}",0.0,inf,inf,inf,112.309,112.309
1046,TT2,BESTEFFORT,CANCELLED,,107.582,"{'m1-1': 2.132, 'm2-1': 1.963, 'm3-1': 4.784, 'm4-1': 0.91}",0.0,inf,inf,inf,112.68199999999999,112.68199999999999
1047,TT3,BESTEFFORT,CANCELLED,,107.588,"{'m1-1': 1.763, 'm2-1': 1.48, 'm3-1': 4.702, 'm4-1': 0.847}",0.0,inf,inf,inf,112.788,112.788
1048,TT2,BESTEFFORT,CANCELLED,,107.682,"{'m1-1': 2.187, 'm2-1': 1.735, 'm3-1': 4.841, 'm4-1': 0.947}",0.0,inf,inf,inf,112.782,112.782
1049,TT4,BESTEFFORT,CANCELLED,,107.688,"{'m1-1': 2.44, 'm2-1': 1.843, 'm3-1': 3.782, 'm4-1': 0.984}",0.0,inf,inf,inf,112.688,112.688
1050,TT2,BESTEFFORT,CANCELLED,,107.78,"{'m1-1': 2.632, 'm2-1': 1.844, 'm3-1': 4.24, 'm4-1': 0.76}",0.0,inf,inf,inf,112.88,112.88
1051,TT1,BESTEFFORT,COMPLETED,m4-1,107.912,"{'m1-1': 2.24, 'm2-1': 1.497, 'm3-1': 4.442, 'm4-1': 0.631}",0.9465,110.19500000000001,110.82600000000001,inf,112.912,112.912
1052,TT3,BESTEFFORT,COMPLETED,m1-1,107.94,"{'m1-1': 1.882, 'm2-1': 1.386, 'm3-1': 5.018, 'm4-1': 0.917}",3.0112,111.082,112.964,inf,113.14,113.14
1053,TT4,BESTEFFORT,CANCELLED,,108.311,"{'m1-1': 1.835, 'm2-1': 1.411, 'm3-1': 3.687, 'm4-1': 1.022}",0.0,inf,inf,inf,113.311,113.311
1054,TT4,BESTEFFORT,CANCELLED,,108.314,"{'m1-1': 2.077, 'm2-1': 1.604, 'm3-1': 4.363, 'm4-1': 0.997}",0.0,inf,inf,inf,113.314,113.314
1055,TT1,BESTEFFORT,COMPLETED,m4-1,108.336,"{'m1-1': 2.505, 'm2-1': 1.423, 'm3-1': 4.028, 'm4-1': 0.672}",1.008,110.82600000000001,111.498,inf,113.336,113.336
1056,TT1,BESTEFFORT,CANCELLED,,108.404,"{'m1-1': 2.059, 'm2-1': 1.888, 'm3-1': 3.729, 'm4-1': 0.633}",0.0,inf,inf,inf,113.404,113.404
1057,TT4,BESTEFFORT,CANCELLED,,108.78,"{'m1-1': 2.102, 'm2-1': 1.836, 'm3-1': 4.285, 'm4-1': 1.031}",0.0,inf,inf,inf,113.78,113.78
1058,TT1,BESTEFFORT,CANCELLED,,108.787,"{'m1-1': 1.974, 'm2-1': 1.479, 'm3-1': 4.633, 'm4-1': 0.801}",0.0,inf,inf,inf,113.787,113.787
1059,TT2,BESTEFFORT,MISSED,m3-1,108.807,"{'m1-1': 2.549, 'm2-1': 1.983, 'm3-1': 4.821, 'm4-1': 1.002}",7.203599999999992,109.905,inf,113.907,113.907,113.907
1060,TT1,BESTEFFORT,CANCELLED,,108.812,"{'m1-1': 1.882, 'm2-1': 1.478, 'm3-1': 3.673, 'm4-1': 0.749}",0.0,inf,inf,inf,113.812,113.812
1061,TT2,BESTEFFORT,CANCELLED,,108.905,"{'m1-1': 2.181, 'm2-1': 1.618, 'm3-1': 4.974, 'm4-1': 0.747}",0.0,inf,inf,inf,114.005,114.005
1062,TT1,BESTEFFORT,CANCELLED,,109.051,"{'m1-1': 2.214, 'm2-1': 1.631, 'm3-1': 3.605, 'm4-1': 0.784}",0.0,inf,inf,inf,114.051,114.051
1063,TT3,BESTEFFORT,CANCELLED,m4-1,109.118,"{'m1-1': 1.968, 'm2-1': 1.27, 'm3-1': 4.657, 'm4-1': 0.879}",0.0,inf,inf,inf,114.318,114.318
1064,TT2,BESTEFFORT,CANCELLED,,109.168,"{'m1-1': 2.417, 'm2-1': 2.02, 'm3-1': 4.785, 'm4-1': 0.744}",0.0,inf,inf,inf,114.268,114.268
1065,TT4,BESTEFFORT,CANCELLED,,109.236,"{'m1-1': 2.081, 'm2-1': 1.478, 'm3-1': 4.518, 'm4-1': 0.755}",0.0,inf,inf,inf,114.236,114.236
1066,TT1,BESTEFFORT,COMPLETED,m2-1,109.243,"{'m1-1': 2.072, 'm2-1': 1.878, 'm3-1': 4.694, 'm4-1': 0.61}",5.6339999999999995,112.322,114.2,inf,114.243,114.243
1067,TT4,BESTEFFORT,CANCELLED,,109.333,"{'m1-1': 1.85, 'm2-1': 1.429, 'm3-1': 4.703, 'm4-1': 1.036}",0.0,inf,inf,inf,114.333,114.333
1068,TT2,BESTEFFORT,COMPLETED,m4-1,109.4,"{'m1-1': 1.929, 'm2-1': 1.732, 'm3-1': 3.662, 'm4-1': 0.846}",1.269,111.498,112.34400000000001,inf,114.5,114.5
1069,TT4,BESTEFFORT,CANCELLED,,109.5,"{'m1-1': 1.905, 'm2-1': 1.515, 'm3-1': 4.739, 'm4-1': 0.948}",0.0,inf,inf,inf,114.5,114.5
1070,TT1,BESTEFFORT,CANCELLED,,109.666,"{'m1-1': 2.056, 'm2-1': 1.784, 'm3-1': 4.202, 'm4-1': 0.858}",0.0,inf,inf,inf,114.666,114.666
1071,TT1,BESTEFFORT,CANCELLED,,109.765,"{'m1-1': 1.929, 'm2-1': 1.743, 'm3-1': 4.437, 'm4-1': 0.809}",0.0,inf,inf,inf,114.765,114.765
1072,TT3,BESTEFFORT,COMPLETED,m1-1,109.776,"{'m1-1': 1.876, 'm2-1': 1.379, 'm3-1': 4.716, 'm4-1': 0.782}",3.0016,112.964,114.84,inf,114.976,114.976
1073,TT3,BESTEFFORT,CANCELLED,,109.921,"{'m1-1': 1.986, 'm2-1': 1.683, 'm3-1': 4.61, 'm4-1': 0.786}",0.0,inf,inf,inf,115.12100000000001,115.12100000000001
1074,TT3,BESTEFFORT,CANCELLED,,109.941,"{'m1-1': 2.214, 'm2-1': 1.583, 'm3-1': 4.787, 'm4-1': 0.906}",0.0,inf,inf,inf,115.141,115.141
1075,TT3,BESTEFFORT,CANCELLED,,109.961,"{'m1-1': 1.795, 'm2-1': 1.619, 'm3-1': 5.741, 'm4-1': 0.965}",0.0,inf,inf,inf,115.161,115.161
1076,TT3,BESTEFFORT,CANCELLED,,109.988,"{'m1-1': 1.851, 'm2-1': 1.527, 'm3-1': 5.202, 'm4-1': 0.978}",0.0,inf,inf,inf,115.188,115.188
1077,TT1,BESTEFFORT,CANCELLED,m4-1,110.153,"{'m1-1': 2.387, 'm2-1': 1.611, 'm3-1': 4.348, 'm4-1': 0.716}",0.0,inf,inf,inf,115.153,115.153
1078,TT2,BESTEFFORT,CANCELLED,,110.171,"{'m1-1': 1.993, 'm2-1': 1.831, 'm3-1': 5.011, 'm4-1': 0.852}",0.0,inf,inf,inf,115.271,115.271
1079,TT1,BESTEFFORT,CANCELLED,,110.328,"{'m1-1': 2.52, 'm2-1': 1.821, 'm3-1': 4.741, 'm4-1': 0.671}",0.0,inf,inf,inf,115.328,115.328
1080,TT2,BESTEFFORT,CANCELLED,,110.405,"{'m1-1': 2.368, 'm2-1': 2.002, 'm3-1': 4.777, 'm4-1': 0.72}",0.0,inf,inf,inf,115.505,115.505
1081,TT4,BESTEFFORT,CANCELLED,,110.437,"{'m1-1': 2.279, 'm2-1': 1.38, 'm3-1': 4.703, 'm4-1': 0.987}",0.0,inf,inf,inf,115.437,115.437
1082,TT2,BESTEFFORT,CANCELLED,,110.727,"{'m1-1': 1.948, 'm2-1': 2.127, 'm3-1': 5.029, 'm4-1': 0.732}",0.0,inf,inf,inf,115.827,115.827
1083,TT4,BESTEFFORT,COMPLETED,m2-1,110.782,"{'m1-1': 1.827, 'm2-1': 1.392, 'm3-1': 4.922, 'm4-1': 0.934}",4.176,114.2,115.592,inf,115.782,115.782
1084,TT2,BESTEFFORT,COMPLETED,m4-1,110.791,"{'m1-1': 2.424, 'm2-1': 1.861, 'm3-1': 4.267, 'm4-1': 0.857}",1.2854999999999999,112.34400000000001,113.20100000000001,inf,115.89099999999999,115.89099999999999
1085,TT3,BESTEFFORT,CANCELLED,m4-1,110.808,"{'m1-1': 2.147, 'm2-1': 1.372, 'm3-1': 4.247, 'm4-1': 0.914}",0.0,inf,inf,inf,116.00800000000001,116.00800000000001
1086,TT1,BESTEFFORT,CANCELLED,m4-1,110.94,"{'m1-1': 2.175, 'm2-1': 1.696, 'm3-1': 4.168, 'm4-1': 0.794}",0.0,inf,inf,inf,115.94,115.94
1087,TT4,BESTEFFORT,COMPLETED,m4-1,111.084,"{'m1-1': 2.376, 'm2-1': 1.45, 'm3-1': 4.782, 'm4-1': 1.032}",1.548,113.20100000000001,114.233,inf,116.084,116.084
1088,TT1,BESTEFFORT,CANCELLED,,111.089,"{'m1-1': 1.939, 'm2-1': 1.716, 'm3-1': 3.633, 'm4-1': 0.684}",0.0,inf,inf,inf,116.089,116.089
1089,TT4,BESTEFFORT,CANCELLED,,111.094,"{'m1-1': 1.939, 'm2-1': 1.624, 'm3-1': 4.766, 'm4-1': 0.932}",0.0,inf,inf,inf,116.094,116.094
1090,TT4,BESTEFFORT,CANCELLED,,111.159,"{'m1-1': 2.172, 'm2-1': 1.508, 'm3-1': 4.651, 'm4-1': 1.071}",0.0,inf,inf,inf,116.159,116.159
1091,TT3,BESTEFFORT,CANCELLED,,111.224,"{'m1-1': 2.325, 'm2-1': 1.537, 'm3-1': 4.563, 'm4-1': 0.96}",0.0,inf,inf,inf,116.424,116.424
1092,TT3,BESTEFFORT,CANCELLED,m4-1,111.481,"{'m1-1': 1.807, 'm2-1': 1.288, 'm3-1': 5.658, 'm4-1': 0.916}",0.0,inf,inf,inf,116.681,116.681
1093,TT4,BESTEFFORT,COMPLETED,m4-1,111.484,"{'m1-1': 2.195, 'm2-1': 1.745, 'm3-1': 4.18, 'm4-1': 0.932}",1.3980000000000001,114.233,115.165,inf,116.484,116.484
1094,TT3,BESTEFFORT,CANCELLED,,111.536,"{'m1-1': 2.422, 'm2-1': 1.733, 'm3-1': 5.087, 'm4-1': 0.93}",0.0,inf,inf,inf,116.736,116.736
1095,TT4,BESTEFFORT,CANCELLED,,111.835,"{'m1-1': 2.171, 'm2-1': 1.793, 'm3-1': 3.739, 'm4-1': 0.91}",0.0,inf,inf,inf,116.835,116.835
1096,TT1,BESTEFFORT,MISSED,m1-1,112.006,"{'m1-1': 2.608, 'm2-1': 1.839, 'm3-1': 4.731, 'm4-1': 0.835}",3.465599999999995,114.84,inf,117.006,117.006,117.006
1097,TT2,BESTEFFORT,CANCELLED,,112.164,"{'m1-1': 2.435, 'm2-1': 1.52, 'm3-1': 3.837, 'm4-1': 0.791}",0.0,inf,inf,inf,117.264,117.264
1098,TT2,BESTEFFORT,CANCELLED,,112.209,"{'m1-1': 2.324, 'm2-1': 1.569, 'm3-1': 4.995, 'm4-1': 0.736}",0.0,inf,inf,inf,117.309,117.309
1099,TT1,BESTEFFORT,CANCELLED,m4-1,112.267,"{'m1-1': 2.615, 'm2-1': 1.498, 'm3-1': 4.724, 'm4-1': 0.704}",0.0,inf,inf,inf,117.267,117.267
1100,TT1,BESTEFFORT,COMPLETED,m2-1,112.305,"{'m1-1': 2.119, 'm2-1': 1.687, 'm3-1': 4.176, 'm4-1': 0.746}",5.061,115.592,117.279,inf,117.305,117.305
1101,TT4,BESTEFFORT,COMPLETED,m4-1,112.357,"{'m1-1': 1.774, 'm2-1': 1.74, 'm3-1': 4.851, 'm4-1': 0.965}",1.4475,115.165,116.13000000000001,inf,117.357,117.357
1102,TT1,BESTEFFORT,CANCELLED,,112.378,"{'m1-1': 2.447, 'm2-1': 1.48, 'm3-1': 3.619, 'm4-1': 0.736}",0.0,inf,inf,inf,117.378,117.378
1103,TT1,BESTEFFORT,CANCELLED,,112.404,"{'m1-1': 2.429, 'm2-1': 1.641, 'm3-1': 3.832, 'm4-1': 0.618}",0.0,inf,inf,inf,117.404,117.404
1104,TT1,BESTEFFORT,CANCELLED,,112.407,"{'m1-1': 2.034, 'm2-1': 1.653, 'm3-1': 4.027, 'm4-1': 0.647}",0.0,inf,inf,inf,117.407,117.407
1105,TT3,BESTEFFORT,CANCELLED,,112.481,"{'m1-1': 2.176, 'm2-1': 1.501, 'm3-1': 5.944, 'm4-1': 0.899}",0.0,inf,inf,inf,117.681,117.681
1106,TT2,BESTEFFORT,CANCELLED,,112.512,"{'m1-1': 2.616, 'm2-1': 1.919, 'm3-1': 4.774, 'm4-1': 0.938}",0.0,inf,inf,inf,117.612,117.612
1107,TT4,BESTEFFORT,CANCELLED,,112.562,"{'m1-1': 1.919, 'm2-1': 1.683, 'm3-1': 4.258, 'm4-1': 0.914}",0.0,inf,inf,inf,117.562,117.562
1108,TT4,BESTEFFORT,CANCELLED,,112.654,"{'m1-1': 2.015, 'm2-1': 1.709, 'm3-1': 3.723, 'm4-1': 1.07}",0.0,inf,inf,inf,117.654,117.654
1109,TT3,BESTEFFORT,CANCELLED,,112.658,"{'m1-1': 2.396, 'm2-1': 1.37, 'm3-1': 5.526, 'm4-1': 0.73}",0.0,inf,inf,inf,117.858,117.858
1110,TT1,BESTEFFORT,CANCELLED,,112.815,"{'m1-1': 2.548, 'm2-1': 1.76, 'm3-1': 3.726, 'm4-1': 0.757}",0.0,inf,inf,inf,117.815,117.815
1111,TT2,BESTEFFORT,COMPLETED,m4-1,113.147,"{'m1-1': 2.334, 'm2-1': 2.012, 'm3-1': 4.226, 'm4-1': 0.954}",1.431,116.13000000000001,117.084,inf,118.247,118.247
1112,TT4,BESTEFFORT,CANCELLED,,113.158,"{'m1-1': 2.049, 'm2-1': 1.401, 'm3-1': 4.32, 'm4-1': 0.789}",0.0,inf,inf,inf,118.158,118.158
1113,TT4,BESTEFFORT,CANCELLED,,113.207,"{'m1-1': 2.175, 'm2-1': 1.802, 'm3-1': 3.929, 'm4-1': 0.955}",0.0,inf,inf,inf,118.207,118.207
1114,TT3,BESTEFFORT,MISSED,m2-1,113.222,"{'m1-1': 1.893, 'm2-1': 1.37, 'm3-1': 4.467, 'm4-1': 0.718}",3.429000000000002,117.279,inf,118.422,118.422,118.422
1115,TT2,BESTEFFORT,COMPLETED,m3-1,113.329,"{'m1-1': 2.318, 'm2-1': 1.543, 'm3-1': 4.166, 'm4-1': 0.914}",7.498800000000001,113.907,118.073,inf,118.42899999999999,118.42899999999999
1116,TT3,BESTEFFORT,CANCELLED,,113.359,"{'m1-1': 2.17, 'm2-1': 1.448, 'm3-1': 5.337, 'm4-1': 0.874}",0.0,inf,inf,inf,118.559,118.559
1117,TT4,BESTEFFORT,CANCELLED,,113.359,"{'m1-1': 2.112, 'm2-1': 1.646, 'm3-1': 4.063, 'm4-1': 0.973}",0.0,inf,inf,inf,118.359,118.359
1118,TT3,BESTEFFORT,CANCELLED,,113.574,"{'m1-1': 1.723, 'm2-1': 1.681, 'm3-1': 4.933, 'm4-1': 0.812}",0.0,inf,inf,inf,118.774,118.774
1119,TT1,BESTEFFORT,MISSED,m1-1,113.684,"{'m1-1': 2.502, 'm2-1': 1.799, 'm3-1': 4.925, 'm4-1': 0.748}",2.6847999999999956,117.006,inf,118.684,118.684,118.684
1120,TT1,BESTEFFORT,CANCELLED,,113.7,"{'m1-1': 2.467, 'm2-1': 1.939, 'm3-1': 4.5, 'm4-1': 0.775}",0.0,inf,inf,inf,118.7,118.7
1121,TT3,BESTEFFORT,CANCELLED,,113.808,"{'m1-1': 1.985, 'm2-1': 1.556, 'm3-1': 4.696, 'm4-1': 0.821}",0.0,inf,inf,inf,119.00800000000001,119.00800000000001
1122,TT2,BESTEFFORT,CANCELLED,,113.886,"{'m1-1': 2.143, 'm2-1': 1.671, 'm3-1': 4.975, 'm4-1': 0.738}",0.0,inf,inf,inf,118.98599999999999,118.98599999999999
1123,TT2,BESTEFFORT,CANCELLED,,113.937,"{'m1-1': 2.569, 'm2-1': 1.789, 'm3-1': 4.033, 'm4-1': 0.886}",0.0,inf,inf,inf,119.03699999999999,119.03699999999999
1124,TT4,BESTEFFORT,CANCELLED,,114.0,"{'m1-1': 2.258, 'm2-1': 1.789, 'm3-1': 3.671, 'm4-1': 0.93}",0.0,inf,inf,inf,119.0,119.0
1125,TT3,BESTEFFORT,CANCELLED,,114.015,"{'m1-1': 1.963, 'm2-1': 1.311, 'm3-1': 4.353, 'm4-1': 0.815}",0.0,inf,inf,inf,119.215,119.215
1126,TT1,BESTEFFORT,CANCELLED,m4-1,114.127,"{'m1-1': 2.333, 'm2-1': 1.852, 'm3-1': 3.684, 'm4-1': 0.766}",0.0,inf,inf,inf,119.127,119.127
1127,TT3,BESTEFFORT,CANCELLED,,114.249,"{'m1-1': 2.352, 'm2-1': 1.382, 'm3-1': 5.146, 'm4-1': 0.887}",0.0,inf,inf,inf,119.449,119.449
1128,TT3,BESTEFFORT,CANCELLED,,114.303,"{'m1-1': 1.977, 'm2-1': 1.727, 'm3-1': 5.008, 'm4-1': 0.837}",0.0,inf,inf,inf,119.503,119.503
1129,TT3,BESTEFFORT,CANCELLED,,114.322,"{'m1-1': 1.792, 'm2-1': 1.787, 'm3-1': 5.492, 'm4-1': 0.97}",0.0,inf,inf,inf,119.522,119.522
1130,TT2,BESTEFFORT,COMPLETED,m4-1,114.374,"{'m1-1': 2.641, 'm2-1': 1.916, 'm3-1': 4.871, 'm4-1': 0.805}",1.2075,117.084,117.88900000000001,inf,119.47399999999999,119.47399999999999
1131,TT3,BESTEFFORT,CANCELLED,,114.454,"{'m1-1': 2.192, 'm2-1': 1.75, 'm3-1': 4.6, 'm4-1': 0.907}",0.0,inf,inf,inf,119.654,119.654
1132,TT2,BESTEFFORT,CANCELLED,,114.578,"{'m1-1': 2.243, 'm2-1': 1.736, 'm3-1': 3.936, 'm4-1': 0.918}",0.0,inf,inf,inf,119.678,119.678
1133,TT3,BESTEFFORT,CANCELLED,,114.639,"{'m1-1': 1.856, 'm2-1': 1.47, 'm3-1': 4.781, 'm4-1': 0.726}",0.0,inf,inf,inf,119.839,119.839
1134,TT2,BESTEFFORT,CANCELLED,,114.861,"{'m1-1': 2.145, 'm2-1': 2.108, 'm3-1': 3.708, 'm4-1': 0.925}",0.0,inf,inf,inf,119.961,119.961
1135,TT4,BESTEFFORT,CANCELLED,m4-1,114.933,"{'m1-1': 2.078, 'm2-1': 1.356, 'm3-1': 4.459, 'm4-1': 0.803}",0.0,inf,inf,inf,119.933,119.933
1136,TT1,BESTEFFORT,MISSED,m2-1,115.128,"{'m1-1': 2.351, 'm2-1': 1.841, 'm3-1': 4.775, 'm4-1': 0.729}",5.118000000000009,118.422,inf,120.128,120.128,120.128
1137,TT1,BESTEFFORT,CANCELLED,,115.271,"{'m1-1': 1.963, 'm2-1': 1.752, 'm3-1': 3.888, 'm4-1': 0.829}",0.0,inf,inf,inf,120.271,120.271
1138,TT2,BESTEFFORT,CANCELLED,,115.396,"{'m1-1': 2.343, 'm2-1': 1.58, 'm3-1': 3.936, 'm4-1': 0.94}",0.0,inf,inf,inf,120.496,120.496
1139,TT1,BESTEFFORT,CANCELLED,m4-1,115.571,"{'m1-1': 2.213, 'm2-1': 1.465, 'm3-1': 5.113, 'm4-1': 0.629}",0.0,inf,inf,inf,120.571,120.571
1140,TT4,BESTEFFORT,CANCELLED,,115.578,"{'m1-1': 1.769, 'm2-1': 1.898, 'm3-1': 4.127, 'm4-1': 0.858}",0.0,inf,inf,inf,120.578,120.578
1141,TT4,BESTEFFORT,MISSED,m1-1,115.858,"{'m1-1': 2.228, 'm2-1': 1.523, 'm3-1': 4.244, 'm4-1': 0.884}",3.478400000000011,118.684,inf,120.858,120.858,120.858
1142,TT2,BESTEFFORT,COMPLETED,m4-1,115.932,"{'m1-1': 2.14, 'm2-1': 1.894, 'm3-1': 4.695, 'm4-1': 0.81}",1.215,117.88900000000001,118.69900000000001,inf,121.032,121.032
1143,TT2,BESTEFFORT,COMPLETED,m4-1,116.023,"{'m1-1': 2.408, 'm2-1': 1.838, 'm3-1': 4.987, 'm4-1': 0.933}",1.3995000000000002,118.69900000000001,119.63200000000002,inf,121.12299999999999,121.12299999999999
1144,TT1,BESTEFFORT,CANCELLED,,116.243,"{'m1-1': 2.2, 'm2-1': 1.509, 'm3-1': 4.878, 'm4-1': 0.75}",0.0,inf,inf,inf,121.243,121.243
1145,TT4,BESTEFFORT,CANCELLED,,116.249,"{'m1-1': 2.116, 'm2-1': 1.401, 'm3-1': 4.035, 'm4-1': 0.86}",0.0,inf,inf,inf,121.249,121.249
1146,TT3,BESTEFFORT,CANCELLED,,116.444,"{'m1-1': 1.854, 'm2-1': 1.688, 'm3-1': 4.921, 'm4-1': 0.853}",0.0,inf,inf,inf,121.644,121.644
1147,TT2,BESTEFFORT,CANCELLED,,116.56,"{'m1-1': 2.568, 'm2-1': 1.92, 'm3-1': 4.848, 'm4-1': 0.809}",0.0,inf,inf,inf,121.66,121.66
1148,TT2,BESTEFFORT,MISSED,m3-1,116.642,"{'m1-1': 1.956, 'm2-1': 1.604, 'm3-1': 3.751, 'm4-1': 0.962}",6.604199999999994,118.073,inf,121.74199999999999,121.74199999999999,121.74199999999999
1149,TT2,BESTEFFORT,CANCELLED,m4-1,116.687,"{'m1-1': 2.259, 'm2-1': 1.748, 'm3-1': 3.756, 'm4-1': 0.817}",0.0,inf,inf,inf,121.78699999999999,121.78699999999999
1150,TT3,BESTEFFORT,COMPLETED,m2-1,117.288,"{'m1-1': 2.049, 'm2-1': 1.312, 'm3-1': 5.853, 'm4-1': 0.782}",3.936,120.128,121.44,inf,122.488,122.488
1151,TT2,BESTEFFORT,MISSED,m1-1,117.536,"{'m1-1': 1.994, 'm2-1': 1.556, 'm3-1': 4.627, 'm4-1': 0.916}",2.844799999999987,120.858,inf,122.636,122.636,122.636
1152,TT2,BESTEFFORT,CANCELLED,m4-1,117.621,"{'m1-1': 2.509, 'm2-1': 1.726, 'm3-1': 4.283, 'm4-1': 0.984}",0.0,inf,inf,inf,122.72099999999999,122.72099999999999
1153,TT2,BESTEFFORT,CANCELLED,,117.955,"{'m1-1': 2.394, 'm2-1': 1.978, 'm3-1': 4.884, 'm4-1': 0.988}",0.0,inf,inf,inf,123.05499999999999,123.05499999999999
1154,TT4,BESTEFFORT,CANCELLED,,118.03,"{'m1-1': 2.384, 'm2-1': 1.774, 'm3-1': 4.498, 'm4-1': 1.022}",0.0,inf,inf,inf,123.03,123.03
1155,TT4,BESTEFFORT,CANCELLED,,118.179,"{'m1-1': 1.835, 'm2-1': 1.465, 'm3-1': 4.381, 'm4-1': 0.957}",0.0,inf,inf,inf,123.179,123.179
1156,TT4,BESTEFFORT,COMPLETED,m2-1,118.325,"{'m1-1': 1.925, 'm2-1': 1.558, 'm3-1': 3.82, 'm4-1': 0.765}",4.674,121.44,122.998,inf,123.325,123.325
1157,TT1,BESTEFFORT,CANCELLED,,118.519,"{'m1-1': 2.44, 'm2-1': 1.942, 'm3-1': 4.427, 'm4-1': 0.798}",0.0,inf,inf,inf,123.519,123.519
1158,TT4,BESTEFFORT,COMPLETED,m4-1,118.532,"{'m1-1': 2.381, 'm2-1': 1.753, 'm3-1': 3.69, 'm4-1': 1.058}",1.5870000000000002,119.63200000000002,120.69000000000003,inf,123.532,123.532
1159,TT2,BESTEFFORT,CANCELLED,,118.622,"{'m1-1': 2.422, 'm2-1': 1.959, 'm3-1': 4.245, 'm4-1': 0.808}",0.0,inf,inf,inf,123.722,123.722
1160,TT2,BESTEFFORT,CANCELLED,,119.121,"{'m1-1': 2.062, 'm2-1': 2.074, 'm3-1': 3.737, 'm4-1': 1.007}",0.0,inf,inf,inf,124.22099999999999,124.22099999999999
1161,TT3,BESTEFFORT,CANCELLED,,119.147,"{'m1-1': 2.069, 'm2-1': 1.428, 'm3-1': 4.407, 'm4-1': 0.868}",0.0,inf,inf,inf,124.34700000000001,124.34700000000001
1162,TT4,BESTEFFORT,COMPLETED,m4-1,119.404,"{'m1-1': 2.0, 'm2-1': 1.412, 'm3-1': 4.773, 'm4-1': 0.963}",1.4445,120.69000000000003,121.65300000000002,inf,124.404,124.404
1163,TT3,BESTEFFORT,MISSED,m1-1,119.437,"{'m1-1': 2.43, 'm2-1': 1.347, 'm3-1': 4.777, 'm4-1': 0.812}",3.201600000000008,122.636,inf,124.637,124.637,124.637
1164,TT4,BESTEFFORT,COMPLETED,m4-1,119.48,"{'m1-1': 2.356, 'm2-1': 1.895, 'm3-1': 5.06, 'm4-1': 0.876}",1.314,121.65300000000002,122.52900000000002,inf,124.48,124.48
1165,TT3,BESTEFFORT,CANCELLED,m4-1,119.514,"{'m1-1': 2.313, 'm2-1': 1.495, 'm3-1': 4.55, 'm4-1': 0.814}",0.0,inf,inf,inf,124.714,124.714
1166,TT4,BESTEFFORT,CANCELLED,,119.886,"{'m1-1': 2.112, 'm2-1': 1.846, 'm3-1': 4.838, 'm4-1': 0.876}",0.0,inf,inf,inf,124.886,124.886
1167,TT4,BESTEFFORT,COMPLETED,m2-1,119.9,"{'m1-1': 2.265, 'm2-1': 1.832, 'm3-1': 4.703, 'm4-1': 0.852}",5.496,122.998,124.83,inf,124.9,124.9
1168,TT4,BESTEFFORT,CANCELLED,,120.085,"{'m1-1': 2.312, 'm2-1': 1.741, 'm3-1': 3.66, 'm4-1': 0.985}",0.0,inf,inf,inf,125.085,125.085
1169,TT2,BESTEFFORT,CANCELLED,m4-1,120.107,"{'m1-1': 2.179, 'm2-1': 1.829, 'm3-1': 3.827, 'm4-1': 0.953}",0.0,inf,inf,inf,125.207,125.207
1170,TT2,BESTEFFORT,CANCELLED,m4-1,120.176,"{'m1-1': 2.016, 'm2-1': 1.792, 'm3-1': 4.84, 'm4-1': 0.918}",0.0,inf,inf,inf,125.276,125.276
1171,TT4,BESTEFFORT,CANCELLED,m4-1,120.422,"{'m1-1': 2.102, 'm2-1': 1.659, 'm3-1': 4.018, 'm4-1': 0.835}",0.0,inf,inf,inf,125.422,125.422
1172,TT3,BESTEFFORT,CANCELLED,m4-1,120.477,"{'m1-1': 2.405, 'm2-1': 1.619, 'm3-1': 5.181, 'm4-1': 0.893}",0.0,inf,inf,inf,125.677,125.677
1173,TT2,BESTEFFORT,CANCELLED,,120.705,"{'m1-1': 1.904, 'm2-1': 1.928, 'm3-1': 4.844, 'm4-1': 0.973}",0.0,inf,inf,inf,125.80499999999999,125.80499999999999
1174,TT1,BESTEFFORT,CANCELLED,,120.986,"{'m1-1': 2.197, 'm2-1': 1.513, 'm3-1': 4.841, 'm4-1': 0.727}",0.0,inf,inf,inf,125.986,125.986
1175,TT1,BESTEFFORT,COMPLETED,m3-1,121.085,"{'m1-1': 2.006, 'm2-1': 1.866, 'm3-1': 4.325, 'm4-1': 0.759}",7.785,121.74199999999999,126.067,inf,126.085,126.085
1176,TT4,BESTEFFORT,CANCELLED,,121.183,"{'m1-1': 2.378, 'm2-1': 1.822, 'm3-1': 3.912, 'm4-1': 0.87}",0.0,inf,inf,inf,126.183,126.183
1177,TT3,BESTEFFORT,CANCELLED,,121.185,"{'m1-1': 1.794, 'm2-1': 1.462, 'm3-1': 5.937, 'm4-1': 0.775}",0.0,inf,inf,inf,126.385,126.385
1178,TT4,BESTEFFORT,MISSED,m2-1,121.324,"{'m1-1': 2.006, 'm2-1': 1.886, 'm3-1': 4.72, 'm4-1': 0.831}",4.481999999999999,124.83,inf,126.324,126.324,126.324
1179,TT4,BESTEFFORT,CANCELLED,m4-1,121.368,"{'m1-1': 2.449, 'm2-1': 1.424, 'm3-1': 4.649, 'm4-1': 1.003}",0.0,inf,inf,inf,126.368,126.368
1180,TT2,BESTEFFORT,CANCELLED,m4-1,121.38,"{'m1-1': 2.102, 'm2-1': 1.702, 'm3-1': 4.584, 'm4-1': 0.732}",0.0,inf,inf,inf,126.47999999999999,126.47999999999999
1181,TT3,BESTEFFORT,CANCELLED,m4-1,121.608,"{'m1-1': 1.824, 'm2-1': 1.516, 'm3-1': 4.692, 'm4-1': 0.946}",0.0,inf,inf,inf,126.808,126.808
1182,TT4,BESTEFFORT,CANCELLED,m4-1,121.682,"{'m1-1': 2.216, 'm2-1': 1.847, 'm3-1': 4.268, 'm4-1': 0.771}",0.0,inf,inf,inf,126.682,126.682
1183,TT1,BESTEFFORT,COMPLETED,m1-1,121.746,"{'m1-1': 1.956, 'm2-1': 1.605, 'm3-1': 4.053, 'm4-1': 0.672}",3.1296,124.637,126.593,inf,126.746,126.746
1184,TT1,BESTEFFORT,COMPLETED,m4-1,121.815,"{'m1-1': 2.591, 'm2-1': 1.942, 'm3-1': 4.733, 'm4-1': 0.647}",0.9705,123.18000000000002,123.82700000000003,inf,126.815,126.815
1185,TT3,BESTEFFORT,CANCELLED,,122.012,"{'m1-1': 2.422, 'm2-1': 1.272, 'm3-1': 4.374, 'm4-1': 0.845}",0.0,inf,inf,inf,127.212,127.212
1186,TT1,BESTEFFORT,COMPLETED,m4-1,122.042,"{'m1-1': 2.348, 'm2-1': 1.899, 'm3-1': 3.623, 'm4-1': 0.651}",0.9765,122.52900000000002,123.18000000000002,inf,127.042,127.042
1187,TT2,BESTEFFORT,CANCELLED,,122.256,"{'m1-1': 2.605, 'm2-1': 1.798, 'm3-1': 4.677, 'm4-1': 0.952}",0.0,inf,inf,inf,127.356,127.356
1188,TT4,BESTEFFORT,CANCELLED,,122.3,"{'m1-1': 2.039, 'm2-1': 1.643, 'm3-1': 4.694, 'm4-1': 0.789}",0.0,inf,inf,inf,127.3,127.3
1189,TT2,BESTEFFORT,CANCELLED,,122.308,"{'m1-1': 2.607, 'm2-1': 1.967, 'm3-1': 4.465, 'm4-1': 0.743}",0.0,inf,inf,inf,127.408,127.408
1190,TT1,BESTEFFORT,COMPLETED,m4-1,122.343,"{'m1-1': 1.857, 'm2-1': 1.718, 'm3-1': 4.925, 'm4-1': 0.627}",0.9405,123.82700000000003,124.45400000000002,inf,127.343,127.343
1191,TT1,BESTEFFORT,COMPLETED,m4-1,122.413,"{'m1-1': 2.213, 'm2-1': 1.82, 'm3-1': 4.354, 'm4-1': 0.773}",1.1595,124.45400000000002,125.22700000000002,inf,127.413,127.413
1192,TT3,BESTEFFORT,MISSED,m2-1,122.572,"{'m1-1': 2.306, 'm2-1': 1.7, 'm3-1': 4.693, 'm4-1': 0.986}",4.3440000000000225,126.324,inf,127.772,127.772,127.772
1193,TT2,BESTEFFORT,CANCELLED,,122.83,"{'m1-1': 2.129, 'm2-1': 1.618, 'm3-1': 4.881, 'm4-1': 0.744}",0.0,inf,inf,inf,127.92999999999999,127.92999999999999
1194,TT4,BESTEFFORT,CANCELLED,,122.839,"{'m1-1': 2.156, 'm2-1': 1.366, 'm3-1': 4.274, 'm4-1': 0.792}",0.0,inf,inf,inf,127.839,127.839
1195,TT1,BESTEFFORT,CANCELLED,,122.969,"{'m1-1': 2.335, 'm2-1': 1.419, 'm3-1': 4.916, 'm4-1': 0.649}",0.0,inf,inf,inf,127.969,127.969
1196,TT1,BESTEFFORT,CANCELLED,,122.969,"{'m1-1': 2.469, 'm2-1': 1.413, 'm3-1': 4.999, 'm4-1': 0.772}",0.0,inf,inf,inf,127.969,127.969
1197,TT4,BESTEFFORT,CANCELLED,,122.982,"{'m1-1': 1.918, 'm2-1': 1.62, 'm3-1': 3.907, 'm4-1': 0.977}",0.0,inf,inf,inf,127.982,127.982
1198,TT2,BESTEFFORT,CANCELLED,m4-1,122.983,"{'m1-1': 2.247, 'm2-1': 2.085, 'm3-1': 4.674, 'm4-1': 0.783}",0.0,inf,inf,inf,128.083,128.083
1199,TT3,BESTEFFORT,CANCELLED,,123.013,"{'m1-1': 2.386, 'm2-1': 1.375, 'm3-1': 5.658, 'm4-1': 0.817}",0.0,inf,inf,inf,128.213,128.213
1200,TT4,BESTEFFORT,CANCELLED,,123.202,"{'m1-1': 2.036, 'm2-1': 1.803, 'm3-1': 4.729, 'm4-1': 0.769}",0.0,inf,inf,inf,128.202,128.202
1201,TT4,BESTEFFORT,CANCELLED,,123.202,"{'m1-1': 1.88, 'm2-1': 1.348, 'm3-1': 4.856, 'm4-1': 0.755}",0.0,inf,inf,inf,128.202,128.202
1202,TT1,BESTEFFORT,CANCELLED,,123.394,"{'m1-1': 2.12, 'm2-1': 1.678, 'm3-1': 4.444, 'm4-1': 0.846}",0.0,inf,inf,inf,128.394,128.394
1203,TT4,BESTEFFORT,CANCELLED,,123.405,"{'m1-1': 1.73, 'm2-1': 1.341, 'm3-1': 3.965, 'm4-1': 0.965}",0.0,inf,inf,inf,128.405,128.405
1204,TT1,BESTEFFORT,CANCELLED,,123.422,"{'m1-1': 2.108, 'm2-1': 1.839, 'm3-1': 4.414, 'm4-1': 0.637}",0.0,inf,inf,inf,128.422,128.422
1205,TT3,BESTEFFORT,MISSED,m1-1,123.468,"{'m1-1': 2.181, 'm2-1': 1.761, 'm3-1': 4.346, 'm4-1': 0.802}",3.3200000000000047,126.593,inf,128.668,128.668,128.668
1206,TT1,BESTEFFORT,CANCELLED,m4-1,123.623,"{'m1-1': 2.101, 'm2-1': 1.882, 'm3-1': 4.009, 'm4-1': 0.826}",0.0,inf,inf,inf,128.623,128.623
1207,TT1,BESTEFFORT,CANCELLED,,123.732,"{'m1-1': 2.22, 'm2-1': 1.604, 'm3-1': 4.136, 'm4-1': 0.642}",0.0,inf,inf,inf,128.732,128.732
1208,TT3,BESTEFFORT,MISSED,m2-1,123.748,"{'m1-1': 2.378, 'm2-1': 1.531, 'm3-1': 5.294, 'm4-1': 0.801}",3.528000000000006,127.772,inf,128.948,128.948,128.948
1209,TT1,BESTEFFORT,CANCELLED,,123.888,"{'m1-1': 2.546, 'm2-1': 1.869, 'm3-1': 4.076, 'm4-1': 0.68}",0.0,inf,inf,inf,128.888,128.888
1210,TT1,BESTEFFORT,CANCELLED,,123.924,"{'m1-1': 2.476, 'm2-1': 1.826, 'm3-1': 4.538, 'm4-1': 0.611}",0.0,inf,inf,inf,128.924,128.924
1211,TT3,BESTEFFORT,CANCELLED,,123.949,"{'m1-1': 1.916, 'm2-1': 1.347, 'm3-1': 5.495, 'm4-1': 0.818}",0.0,inf,inf,inf,129.149,129.149
1212,TT3,BESTEFFORT,CANCELLED,,123.967,"{'m1-1': 2.32, 'm2-1': 1.621, 'm3-1': 4.528, 'm4-1': 0.772}",0.0,inf,inf,inf,129.167,129.167
1213,TT2,BESTEFFORT,CANCELLED,,124.037,"{'m1-1': 2.068, 'm2-1': 1.859, 'm3-1': 3.894, 'm4-1': 0.803}",0.0,inf,inf,inf,129.137,129.137
1214,TT3,BESTEFFORT,CANCELLED,,124.041,"{'m1-1': 2.296, 'm2-1': 1.76, 'm3-1': 4.387, 'm4-1': 0.943}",0.0,inf,inf,inf,129.24099999999999,129.24099999999999
1215,TT3,BESTEFFORT,COMPLETED,m4-1,124.106,"{'m1-1': 1.751, 'm2-1': 1.288, 'm3-1': 5.058, 'm4-1': 0.855}",1.2825,125.22700000000002,126.08200000000002,inf,129.30599999999998,129.30599999999998
1216,TT4,BESTEFFORT,CANCELLED,,124.227,"{'m1-1': 1.779, 'm2-1': 1.808, 'm3-1': 4.487, 'm4-1': 0.762}",0.0,inf,inf,inf,129.227,129.227
1217,TT1,BESTEFFORT,MISSED,m3-1,124.393,"{'m1-1': 2.409, 'm2-1': 1.869, 'm3-1': 4.988, 'm4-1': 0.654}",5.986800000000014,126.067,inf,129.393,129.393,129.393
1218,TT3,BESTEFFORT,COMPLETED,m4-1,124.394,"{'m1-1': 2.104, 'm2-1': 1.431, 'm3-1': 5.281, 'm4-1': 0.774}",1.161,126.08200000000002,126.85600000000002,inf,129.594,129.594
1219,TT4,BESTEFFORT,CANCELLED,,124.415,"{'m1-1': 1.778, 'm2-1': 1.771, 'm3-1': 3.876, 'm4-1': 1.001}",0.0,inf,inf,inf,129.41500000000002,129.41500000000002
1220,TT2,BESTEFFORT,COMPLETED,m4-1,124.573,"{'m1-1': 2.533, 'm2-1': 1.902, 'm3-1': 4.174, 'm4-1': 0.971}",1.4565,126.85600000000002,127.82700000000003,inf,129.673,129.673
1221,TT3,BESTEFFORT,CANCELLED,,124.924,"{'m1-1': 1.904, 'm2-1': 1.657, 'm3-1': 5.567, 'm4-1': 0.962}",0.0,inf,inf,inf,130.124,130.124
1222,TT1,BESTEFFORT,CANCELLED,,125.099,"{'m1-1': 2.474, 'm2-1': 1.876, 'm3-1': 4.457, 'm4-1': 0.848}",0.0,inf,inf,inf,130.099,130.099
1223,TT4,BESTEFFORT,CANCELLED,,125.116,"{'m1-1': 2.163, 'm2-1': 1.386, 'm3-1': 3.66, 'm4-1': 0.762}",0.0,inf,inf,inf,130.11599999999999,130.11599999999999
1224,TT3,BESTEFFORT,COMPLETED,m4-1,125.202,"{'m1-1': 1.882, 'm2-1': 1.471, 'm3-1': 4.247, 'm4-1': 0.902}",1.353,127.82700000000003,128.729,inf,130.402,130.402
1225,TT3,BESTEFFORT,MISSED,m1-1,125.204,"{'m1-1': 2.18, 'm2-1': 1.397, 'm3-1': 5.801, 'm4-1': 0.911}",2.777599999999984,128.668,inf,130.404,130.404,130.404
1226,TT4,BESTEFFORT,CANCELLED,,125.25,"{'m1-1': 1.844, 'm2-1': 1.468, 'm3-1': 4.634, 'm4-1': 0.957}",0.0,inf,inf,inf,130.25,130.25
1227,TT2,BESTEFFORT,CANCELLED,,125.276,"{'m1-1': 2.4, 'm2-1': 1.889, 'm3-1': 4.98, 'm4-1': 0.781}",0.0,inf,inf,inf,130.376,130.376
1228,TT4,BESTEFFORT,CANCELLED,,125.407,"{'m1-1': 1.854, 'm2-1': 1.572, 'm3-1': 4.999, 'm4-1': 1.066}",0.0,inf,inf,inf,130.40699999999998,130.40699999999998
1229,TT3,BESTEFFORT,COMPLETED,m2-1,125.662,"{'m1-1': 1.801, 'm2-1': 1.539, 'm3-1': 4.339, 'm4-1': 0.986}",4.617,128.948,130.487,inf,130.862,130.862
1230,TT2,BESTEFFORT,CANCELLED,,125.735,"{'m1-1': 2.161, 'm2-1': 1.99, 'm3-1': 4.956, 'm4-1': 0.795}",0.0,inf,inf,inf,130.835,130.835
1231,TT4,BESTEFFORT,CANCELLED,,125.768,"{'m1-1': 2.153, 'm2-1': 1.687, 'm3-1': 4.286, 'm4-1': 0.986}",0.0,inf,inf,inf,130.768,130.768
1232,TT4,BESTEFFORT,CANCELLED,,125.836,"{'m1-1': 2.242, 'm2-1': 1.634, 'm3-1': 4.65, 'm4-1': 0.997}",0.0,inf,inf,inf,130.836,130.836
1233,TT1,BESTEFFORT,CANCELLED,,125.89,"{'m1-1': 2.035, 'm2-1': 1.65, 'm3-1': 3.737, 'm4-1': 0.809}",0.0,inf,inf,inf,130.89,130.89
1234,TT3,BESTEFFORT,CANCELLED,,125.919,"{'m1-1': 2.054, 'm2-1': 1.551, 'm3-1': 5.796, 'm4-1': 0.851}",0.0,inf,inf,inf,131.119,131.119
1235,TT3,BESTEFFORT,CANCELLED,,125.998,"{'m1-1': 2.293, 'm2-1': 1.448, 'm3-1': 4.758, 'm4-1': 0.761}",0.0,inf,inf,inf,131.198,131.198
1236,TT3,BESTEFFORT,CANCELLED,,126.024,"{'m1-1': 1.841, 'm2-1': 1.578, 'm3-1': 5.815, 'm4-1': 0.977}",0.0,inf,inf,inf,131.224,131.224
1237,TT4,BESTEFFORT,CANCELLED,,126.036,"{'m1-1': 1.753, 'm2-1': 1.768, 'm3-1': 4.967, 'm4-1': 0.773}",0.0,inf,inf,inf,131.036,131.036
1238,TT3,BESTEFFORT,COMPLETED,m4-1,126.059,"{'m1-1': 1.845, 'm2-1': 1.431, 'm3-1': 5.173, 'm4-1': 0.941}",1.4115,128.729,129.67000000000002,inf,131.259,131.259
1239,TT2,BESTEFFORT,CANCELLED,,126.115,"{'m1-1': 2.253, 'm2-1': 1.903, 'm3-1': 4.56, 'm4-1': 0.775}",0.0,inf,inf,inf,131.215,131.215
1240,TT2,BESTEFFORT,CANCELLED,,126.181,"{'m1-1': 2.301, 'm2-1': 2.13, 'm3-1': 3.984, 'm4-1': 0.946}",0.0,inf,inf,inf,131.281,131.281
1241,TT3,BESTEFFORT,CANCELLED,,126.202,"{'m1-1': 1.876, 'm2-1': 1.596, 'm3-1': 4.862, 'm4-1': 0.985}",0.0,inf,inf,inf,131.402,131.402
1242,TT1,BESTEFFORT,CANCELLED,,126.276,"{'m1-1': 2.36, 'm2-1': 1.975, 'm3-1': 4.659, 'm4-1': 0.796}",0.0,inf,inf,inf,131.276,131.276
1243,TT4,BESTEFFORT,CANCELLED,,126.523,"{'m1-1': 2.254, 'm2-1': 1.759, 'm3-1': 4.071, 'm4-1': 0.965}",0.0,inf,inf,inf,131.523,131.523
1244,TT1,BESTEFFORT,CANCELLED,,126.57,"{'m1-1': 2.315, 'm2-1': 1.514, 'm3-1': 4.264, 'm4-1': 0.729}",0.0,inf,inf,inf,131.57,131.57
1245,TT2,BESTEFFORT,COMPLETED,m4-1,126.627,"{'m1-1': 2.329, 'm2-1': 1.662, 'm3-1': 4.64, 'm4-1': 0.78}",1.17,129.67000000000002,130.45000000000002,inf,131.727,131.727
1246,TT1,BESTEFFORT,CANCELLED,,126.64,"{'m1-1': 2.602, 'm2-1': 1.562, 'm3-1': 4.955, 'm4-1': 0.635}",0.0,inf,inf,inf,131.64,131.64
1247,TT1,BESTEFFORT,CANCELLED,,126.787,"{'m1-1': 2.307, 'm2-1': 1.702, 'm3-1': 3.776, 'm4-1': 0.735}",0.0,inf,inf,inf,131.787,131.787
1248,TT3,BESTEFFORT,CANCELLED,,126.926,"{'m1-1': 2.399, 'm2-1': 1.79, 'm3-1': 4.935, 'm4-1': 0.953}",0.0,inf,inf,inf,132.126,132.126
1249,TT3,BESTEFFORT,MISSED,m1-1,126.934,"{'m1-1': 2.425, 'm2-1': 1.282, 'm3-1': 5.727, 'm4-1': 0.841}",2.767999999999984,130.404,inf,132.134,132.134,132.134
1250,TT1,BESTEFFORT,CANCELLED,,127.21,"{'m1-1': 2.557, 'm2-1': 1.921, 'm3-1': 4.74, 'm4-1': 0.664}",0.0,inf,inf,inf,132.20999999999998,132.20999999999998
1251,TT3,BESTEFFORT,COMPLETED,m2-1,127.556,"{'m1-1': 2.068, 'm2-1': 1.677, 'm3-1': 5.654, 'm4-1': 0.876}",5.031000000000001,130.487,132.164,inf,132.756,132.756
1252,TT4,BESTEFFORT,CANCELLED,,127.774,"{'m1-1': 2.371, 'm2-1': 1.483, 'm3-1': 5.135, 'm4-1': 0.915}",0.0,inf,inf,inf,132.774,132.774
1253,TT3,BESTEFFORT,CANCELLED,m4-1,127.802,"{'m1-1': 2.422, 'm2-1': 1.27, 'm3-1': 5.627, 'm4-1': 0.878}",0.0,inf,inf,inf,133.002,133.002
1254,TT3,BESTEFFORT,CANCELLED,,127.961,"{'m1-1': 2.367, 'm2-1': 1.539, 'm3-1': 4.488, 'm4-1': 0.803}",0.0,inf,inf,inf,133.161,133.161
1255,TT1,BESTEFFORT,CANCELLED,,128.006,"{'m1-1': 2.162, 'm2-1': 1.613, 'm3-1': 4.34, 'm4-1': 0.641}",0.0,inf,inf,inf,133.006,133.006
1256,TT1,BESTEFFORT,CANCELLED,,128.013,"{'m1-1': 2.013, 'm2-1': 1.479, 'm3-1': 4.666, 'm4-1': 0.762}",0.0,inf,inf,inf,133.013,133.013
1257,TT2,BESTEFFORT,CANCELLED,,128.293,"{'m1-1': 2.33, 'm2-1': 1.615, 'm3-1': 4.444, 'm4-1': 0.792}",0.0,inf,inf,inf,133.393,133.393
1258,TT2,BESTEFFORT,MISSED,m3-1,128.383,"{'m1-1': 2.361, 'm2-1': 1.98, 'm3-1': 4.1, 'm4-1': 0.729}",7.362000000000006,129.393,inf,133.483,133.483,133.483
1259,TT1,BESTEFFORT,CANCELLED,,128.406,"{'m1-1': 2.102, 'm2-1': 1.677, 'm3-1': 4.366, 'm4-1': 0.655}",0.0,inf,inf,inf,133.406,133.406
1260,TT2,BESTEFFORT,CANCELLED,,128.411,"{'m1-1': 2.467, 'm2-1': 1.636, 'm3-1': 4.592, 'm4-1': 0.967}",0.0,inf,inf,inf,133.511,133.511
1261,TT4,BESTEFFORT,CANCELLED,,128.484,"{'m1-1': 1.75, 'm2-1': 1.519, 'm3-1': 4.585, 'm4-1': 0.949}",0.0,inf,inf,inf,133.484,133.484
1262,TT1,BESTEFFORT,CANCELLED,m4-1,128.506,"{'m1-1': 2.14, 'm2-1': 1.855, 'm3-1': 3.908, 'm4-1': 0.619}",0.0,inf,inf,inf,133.506,133.506
1263,TT3,BESTEFFORT,CANCELLED,m4-1,128.557,"{'m1-1': 2.09, 'm2-1': 1.277, 'm3-1': 5.279, 'm4-1': 0.864}",0.0,inf,inf,inf,133.75699999999998,133.75699999999998
1264,TT1,BESTEFFORT,CANCELLED,m4-1,128.744,"{'m1-1': 1.883, 'm2-1': 1.773, 'm3-1': 4.809, 'm4-1': 0.716}",0.0,inf,inf,inf,133.744,133.744
1265,TT1,BESTEFFORT,CANCELLED,,128.769,"{'m1-1': 2.167, 'm2-1': 1.87, 'm3-1': 4.414, 'm4-1': 0.691}",0.0,inf,inf,inf,133.769,133.769
1266,TT1,BESTEFFORT,CANCELLED,,128.918,"{'m1-1': 2.24, 'm2-1': 1.926, 'm3-1': 4.48, 'm4-1': 0.824}",0.0,inf,inf,inf,133.918,133.918
1267,TT3,BESTEFFORT,COMPLETED,m1-1,129.178,"{'m1-1': 1.763, 'm2-1': 1.483, 'm3-1': 4.92, 'm4-1': 0.815}",2.8208,132.134,133.897,inf,134.378,134.378
1268,TT2,BESTEFFORT,COMPLETED,m2-1,129.226,"{'m1-1': 2.052, 'm2-1': 1.863, 'm3-1': 5.076, 'm4-1': 0.809}",5.589,132.164,134.027,inf,134.326,134.326
1269,TT4,BESTEFFORT,CANCELLED,,129.454,"{'m1-1': 2.17, 'm2-1': 1.701, 'm3-1': 3.741, 'm4-1': 1.019}",0.0,inf,inf,inf,134.454,134.454
1270,TT2,BESTEFFORT,CANCELLED,,129.472,"{'m1-1': 2.484, 'm2-1': 1.688, 'm3-1': 3.692, 'm4-1': 0.822}",0.0,inf,inf,inf,134.572,134.572
1271,TT2,BESTEFFORT,CANCELLED,,129.53,"{'m1-1': 1.894, 'm2-1': 1.815, 'm3-1': 4.315, 'm4-1': 0.815}",0.0,inf,inf,inf,134.63,134.63
1272,TT2,BESTEFFORT,COMPLETED,m4-1,129.532,"{'m1-1': 2.579, 'm2-1': 2.053, 'm3-1': 4.995, 'm4-1': 0.978}",1.467,130.45000000000002,131.42800000000003,inf,134.632,134.632
1273,TT2,BESTEFFORT,COMPLETED,m4-1,129.585,"{'m1-1': 2.194, 'm2-1': 2.027, 'm3-1': 3.953, 'm4-1': 0.75}",1.125,132.35600000000002,133.10600000000002,inf,134.685,134.685
1274,TT3,BESTEFFORT,CANCELLED,,129.658,"{'m1-1': 2.23, 'm2-1': 1.683, 'm3-1': 5.414, 'm4-1': 0.914}",0.0,inf,inf,inf,134.85799999999998,134.85799999999998
1275,TT2,BESTEFFORT,COMPLETED,m4-1,129.795,"{'m1-1': 2.391, 'm2-1': 1.597, 'm3-1': 3.835, 'm4-1': 0.928}",1.3920000000000001,131.42800000000003,132.35600000000002,inf,134.89499999999998,134.89499999999998
1276,TT4,BESTEFFORT,CANCELLED,,129.85,"{'m1-1': 2.298, 'm2-1': 1.366, 'm3-1': 4.274, 'm4-1': 1.068}",0.0,inf,inf,inf,134.85,134.85
1277,TT4,BESTEFFORT,CANCELLED,,129.996,"{'m1-1': 2.445, 'm2-1': 1.599, 'm3-1': 4.886, 'm4-1': 0.761}",0.0,inf,inf,inf,134.996,134.996
1278,TT4,BESTEFFORT,CANCELLED,,130.067,"{'m1-1': 2.28, 'm2-1': 1.732, 'm3-1': 4.499, 'm4-1': 0.974}",0.0,inf,inf,inf,135.067,135.067
1279,TT3,BESTEFFORT,CANCELLED,,130.091,"{'m1-1': 1.723, 'm2-1': 1.781, 'm3-1': 4.55, 'm4-1': 0.736}",0.0,inf,inf,inf,135.291,135.291
1280,TT4,BESTEFFORT,CANCELLED,,130.155,"{'m1-1': 1.796, 'm2-1': 1.74, 'm3-1': 4.555, 'm4-1': 1.036}",0.0,inf,inf,inf,135.155,135.155
1281,TT1,BESTEFFORT,CANCELLED,m4-1,130.299,"{'m1-1': 2.167, 'm2-1': 1.685, 'm3-1': 4.74, 'm4-1': 0.667}",0.0,inf,inf,inf,135.299,135.299
1282,TT1,BESTEFFORT,MISSED,m2-1,130.339,"{'m1-1': 2.588, 'm2-1': 1.776, 'm3-1': 5.037, 'm4-1': 0.84}",3.9360000000000355,134.027,inf,135.339,135.339,135.339
1283,TT3,BESTEFFORT,CANCELLED,m4-1,130.463,"{'m1-1': 2.371, 'm2-1': 1.556, 'm3-1': 4.73, 'm4-1': 0.808}",0.0,inf,inf,inf,135.66299999999998,135.66299999999998
1284,TT2,BESTEFFORT,CANCELLED,m4-1,130.851,"{'m1-1': 2.262, 'm2-1': 1.91, 'm3-1': 4.564, 'm4-1': 0.902}",0.0,inf,inf,inf,135.951,135.951
1285,TT2,BESTEFFORT,CANCELLED,,131.061,"{'m1-1': 2.558, 'm2-1': 1.879, 'm3-1': 3.654, 'm4-1': 0.982}",0.0,inf,inf,inf,136.161,136.161
1286,TT3,BESTEFFORT,COMPLETED,m1-1,131.137,"{'m1-1': 2.051, 'm2-1': 1.405, 'm3-1': 4.805, 'm4-1': 0.885}",3.2816000000000005,133.897,135.94799999999998,inf,136.337,136.337
1287,TT3,BESTEFFORT,CANCELLED,,131.181,"{'m1-1': 1.792, 'm2-1': 1.528, 'm3-1': 4.578, 'm4-1': 0.794}",0.0,inf,inf,inf,136.381,136.381
1288,TT1,BESTEFFORT,CANCELLED,m4-1,131.222,"{'m1-1': 2.146, 'm2-1': 1.62, 'm3-1': 5.11, 'm4-1': 0.664}",0.0,inf,inf,inf,136.222,136.222
1289,TT1,BESTEFFORT,CANCELLED,,131.386,"{'m1-1': 2.305, 'm2-1': 1.583, 'm3-1': 3.937, 'm4-1': 0.675}",0.0,inf,inf,inf,136.386,136.386
1290,TT1,BESTEFFORT,CANCELLED,,131.464,"{'m1-1': 2.192, 'm2-1': 1.591, 'm3-1': 4.027, 'm4-1': 0.752}",0.0,inf,inf,inf,136.464,136.464
1291,TT3,BESTEFFORT,CANCELLED,,131.571,"{'m1-1': 2.249, 'm2-1': 1.717, 'm3-1': 4.269, 'm4-1': 0.8}",0.0,inf,inf,inf,136.771,136.771
1292,TT3,BESTEFFORT,CANCELLED,,131.58,"{'m1-1': 2.13, 'm2-1': 1.754, 'm3-1': 4.895, 'm4-1': 0.883}",0.0,inf,inf,inf,136.78,136.78
1293,TT2,BESTEFFORT,MISSED,m3-1,131.629,"{'m1-1': 1.905, 'm2-1': 1.953, 'm3-1': 3.783, 'm4-1': 0.976}",5.842799999999966,133.483,inf,136.72899999999998,136.72899999999998,136.72899999999998
1294,TT4,BESTEFFORT,COMPLETED,m4-1,131.636,"{'m1-1': 2.0, 'm2-1': 1.692, 'm3-1': 4.324, 'm4-1': 0.877}",1.3155000000000001,133.10600000000002,133.98300000000003,inf,136.636,136.636
1295,TT4,BESTEFFORT,COMPLETED,m4-1,131.705,"{'m1-1': 2.08, 'm2-1': 1.885, 'm3-1': 4.089, 'm4-1': 0.931}",1.3965,133.98300000000003,134.91400000000004,inf,136.705,136.705
1296,TT3,BESTEFFORT,COMPLETED,m2-1,131.834,"{'m1-1': 1.977, 'm2-1': 1.694, 'm3-1': 4.947, 'm4-1': 0.871}",5.082,135.339,137.033,inf,137.034,137.034
1297,TT1,BESTEFFORT,CANCELLED,,131.911,"{'m1-1': 1.909, 'm2-1': 1.567, 'm3-1': 4.003, 'm4-1': 0.757}",0.0,inf,inf,inf,136.911,136.911
1298,TT2,BESTEFFORT,CANCELLED,,131.991,"{'m1-1': 2.45, 'm2-1': 1.936, 'm3-1': 4.444, 'm4-1': 0.904}",0.0,inf,inf,inf,137.091,137.091
1299,TT3,BESTEFFORT,CANCELLED,,132.102,"{'m1-1': 1.792, 'm2-1': 1.514, 'm3-1': 5.743, 'm4-1': 1.01}",0.0,inf,inf,inf,137.302,137.302
1300,TT1,BESTEFFORT,CANCELLED,,132.117,"{'m1-1': 2.272, 'm2-1': 1.967, 'm3-1': 4.231, 'm4-1': 0.858}",0.0,inf,inf,inf,137.117,137.117
1301,TT1,BESTEFFORT,COMPLETED,m4-1,132.296,"{'m1-1': 2.165, 'm2-1': 1.667, 'm3-1': 4.936, 'm4-1': 0.824}",1.236,134.91400000000004,135.73800000000006,inf,137.296,137.296
1302,TT1,BESTEFFORT,CANCELLED,,132.372,"{'m1-1': 1.894, 'm2-1': 1.714, 'm3-1': 4.052, 'm4-1': 0.711}",0.0,inf,inf,inf,137.372,137.372
1303,TT3,BESTEFFORT,CANCELLED,,132.493,"{'m1-1': 2.108, 'm2-1': 1.469, 'm3-1': 5.796, 'm4-1': 0.78}",0.0,inf,inf,inf,137.69299999999998,137.69299999999998
1304,TT4,BESTEFFORT,CANCELLED,,132.502,"{'m1-1': 2.121, 'm2-1': 1.74, 'm3-1': 4.254, 'm4-1': 0.963}",0.0,inf,inf,inf,137.502,137.502
1305,TT2,BESTEFFORT,CANCELLED,,132.672,"{'m1-1': 2.477, 'm2-1': 1.789, 'm3-1': 4.128, 'm4-1': 0.861}",0.0,inf,inf,inf,137.772,137.772
1306,TT4,BESTEFFORT,CANCELLED,,132.762,"{'m1-1': 2.067, 'm2-1': 1.595, 'm3-1': 5.083, 'm4-1': 0.9}",0.0,inf,inf,inf,137.762,137.762
1307,TT3,BESTEFFORT,MISSED,m1-1,132.779,"{'m1-1': 2.36, 'm2-1': 1.495, 'm3-1': 5.28, 'm4-1': 0.947}",3.24960000000001,135.94799999999998,inf,137.97899999999998,137.97899999999998,137.97899999999998
1308,TT4,BESTEFFORT,CANCELLED,,132.805,"{'m1-1': 2.15, 'm2-1': 1.722, 'm3-1': 4.723, 'm4-1': 0.87}",0.0,inf,inf,inf,137.805,137.805
1309,TT3,BESTEFFORT,CANCELLED,,132.844,"{'m1-1': 1.855, 'm2-1': 1.295, 'm3-1': 5.396, 'm4-1': 1.004}",0.0,inf,inf,inf,138.04399999999998,138.04399999999998
1310,TT2,BESTEFFORT,CANCELLED,,132.877,"{'m1-1': 2.016, 'm2-1': 2.143, 'm3-1': 4.656, 'm4-1': 0.822}",0.0,inf,inf,inf,137.977,137.977
1311,TT2,BESTEFFORT,CANCELLED,,132.954,"{'m1-1': 2.471, 'm2-1': 1.861, 'm3-1': 4.036, 'm4-1': 0.954}",0.0,inf,inf,inf,138.054,138.054
1312,TT3,BESTEFFORT,CANCELLED,,133.048,"{'m1-1': 2.418, 'm2-1': 1.635, 'm3-1': 5.057, 'm4-1': 0.832}",0.0,inf,inf,inf,138.248,138.248
1313,TT1,BESTEFFORT,COMPLETED,m4-1,133.068,"{'m1-1': 2.27, 'm2-1': 1.779, 'm3-1': 3.619, 'm4-1': 0.626}",0.9390000000000001,135.73800000000006,136.36400000000006,inf,138.068,138.068
1314,TT3,BESTEFFORT,COMPLETED,m2-1,133.285,"{'m1-1': 2.17, 'm2-1': 1.366, 'm3-1': 4.353, 'm4-1': 0.766}",4.098000000000001,137.033,138.399,inf,138.48499999999999,138.48499999999999
1315,TT2,BESTEFFORT,CANCELLED,,133.367,"{'m1-1': 2.066, 'm2-1': 2.058, 'm3-1': 4.568, 'm4-1': 0.904}",0.0,inf,inf,inf,138.46699999999998,138.46699999999998
1316,TT2,BESTEFFORT,CANCELLED,,133.382,"{'m1-1': 2.136, 'm2-1': 1.819, 'm3-1': 4.965, 'm4-1': 0.966}",0.0,inf,inf,inf,138.482,138.482
1317,TT1,BESTEFFORT,CANCELLED,,133.566,"{'m1-1': 1.972, 'm2-1': 1.548, 'm3-1': 3.776, 'm4-1': 0.832}",0.0,inf,inf,inf,138.566,138.566
1318,TT1,BESTEFFORT,COMPLETED,m4-1,133.775,"{'m1-1': 2.625, 'm2-1': 1.44, 'm3-1': 4.772, 'm4-1': 0.667}",1.0005000000000002,136.36400000000006,137.03100000000006,inf,138.775,138.775
1319,TT1,BESTEFFORT,CANCELLED,,133.855,"{'m1-1': 2.576, 'm2-1': 1.866, 'm3-1': 4.165, 'm4-1': 0.684}",0.0,inf,inf,inf,138.855,138.855
1320,TT4,BESTEFFORT,CANCELLED,,134.008,"{'m1-1': 2.116, 'm2-1': 1.813, 'm3-1': 5.095, 'm4-1': 0.957}",0.0,inf,inf,inf,139.008,139.008
1321,TT1,BESTEFFORT,CANCELLED,,134.244,"{'m1-1': 2.145, 'm2-1': 1.48, 'm3-1': 3.882, 'm4-1': 0.692}",0.0,inf,inf,inf,139.244,139.244
1322,TT4,BESTEFFORT,CANCELLED,,134.298,"{'m1-1': 1.844, 'm2-1': 1.39, 'm3-1': 4.285, 'm4-1': 0.942}",0.0,inf,inf,inf,139.298,139.298
1323,TT3,BESTEFFORT,MISSED,m1-1,134.351,"{'m1-1': 2.149, 'm2-1': 1.635, 'm3-1': 5.978, 'm4-1': 0.764}",2.5152000000000045,137.97899999999998,inf,139.551,139.551,139.551
1324,TT2,BESTEFFORT,CANCELLED,,134.422,"{'m1-1': 1.912, 'm2-1': 1.533, 'm3-1': 4.629, 'm4-1': 0.948}",0.0,inf,inf,inf,139.522,139.522
1325,TT1,BESTEFFORT,CANCELLED,,134.444,"{'m1-1': 2.466, 'm2-1': 1.886, 'm3-1': 4.873, 'm4-1': 0.772}",0.0,inf,inf,inf,139.444,139.444
1326,TT3,BESTEFFORT,CANCELLED,,134.542,"{'m1-1': 2.027, 'm2-1': 1.338, 'm3-1': 4.517, 'm4-1': 0.786}",0.0,inf,inf,inf,139.742,139.742
1327,TT1,BESTEFFORT,COMPLETED,m4-1,134.57,"{'m1-1': 2.597, 'm2-1': 1.549, 'm3-1': 4.614, 'm4-1': 0.852}",1.278,137.03100000000006,137.88300000000007,inf,139.57,139.57
1328,TT1,BESTEFFORT,MISSED,m2-1,134.773,"{'m1-1': 2.414, 'm2-1': 1.885, 'm3-1': 4.108, 'm4-1': 0.749}",4.121999999999986,138.399,inf,139.773,139.773,139.773
1329,TT3,BESTEFFORT,CANCELLED,,134.813,"{'m1-1': 1.767, 'm2-1': 1.335, 'm3-1': 4.882, 'm4-1': 0.782}",0.0,inf,inf,inf,140.01299999999998,140.01299999999998
1330,TT4,BESTEFFORT,CANCELLED,,134.965,"{'m1-1': 1.809, 'm2-1': 1.536, 'm3-1': 4.786, 'm4-1': 0.966}",0.0,inf,inf,inf,139.965,139.965
1331,TT2,BESTEFFORT,CANCELLED,,135.045,"{'m1-1': 2.421, 'm2-1': 2.078, 'm3-1': 4.612, 'm4-1': 0.794}",0.0,inf,inf,inf,140.14499999999998,140.14499999999998
1332,TT4,BESTEFFORT,CANCELLED,,135.195,"{'m1-1': 2.249, 'm2-1': 1.788, 'm3-1': 4.078, 'm4-1': 0.756}",0.0,inf,inf,inf,140.195,140.195
1333,TT1,BESTEFFORT,CANCELLED,,135.269,"{'m1-1': 1.86, 'm2-1': 1.74, 'm3-1': 3.707, 'm4-1': 0.655}",0.0,inf,inf,inf,140.269,140.269
1334,TT1,BESTEFFORT,CANCELLED,,135.309,"{'m1-1': 2.193, 'm2-1': 1.942, 'm3-1': 3.734, 'm4-1': 0.825}",0.0,inf,inf,inf,140.309,140.309
1335,TT4,BESTEFFORT,CANCELLED,,135.315,"{'m1-1': 1.869, 'm2-1': 1.462, 'm3-1': 3.944, 'm4-1': 0.941}",0.0,inf,inf,inf,140.315,140.315
1336,TT3,BESTEFFORT,CANCELLED,,135.319,"{'m1-1': 2.085, 'm2-1': 1.614, 'm3-1': 5.904, 'm4-1': 0.958}",0.0,inf,inf,inf,140.51899999999998,140.51899999999998
1337,TT1,BESTEFFORT,COMPLETED,m4-1,135.447,"{'m1-1': 2.374, 'm2-1': 1.452, 'm3-1': 3.908, 'm4-1': 0.689}",1.0334999999999999,137.88300000000007,138.57200000000006,inf,140.447,140.447
1338,TT3,BESTEFFORT,CANCELLED,,135.45,"{'m1-1': 1.875, 'm2-1': 1.344, 'm3-1': 4.407, 'm4-1': 0.733}",0.0,inf,inf,inf,140.64999999999998,140.64999999999998
1339,TT4,BESTEFFORT,CANCELLED,,135.807,"{'m1-1': 1.925, 'm2-1': 1.469, 'm3-1': 4.771, 'm4-1': 0.892}",0.0,inf,inf,inf,140.807,140.807
1340,TT1,BESTEFFORT,CANCELLED,,135.962,"{'m1-1': 1.865, 'm2-1': 1.433, 'm3-1': 4.516, 'm4-1': 0.826}",0.0,inf,inf,inf,140.962,140.962
1341,TT4,BESTEFFORT,CANCELLED,,135.986,"{'m1-1': 2.085, 'm2-1': 1.768, 'm3-1': 3.932, 'm4-1': 1.018}",0.0,inf,inf,inf,140.986,140.986
1342,TT1,BESTEFFORT,CANCELLED,,136.066,"{'m1-1': 2.478, 'm2-1': 1.821, 'm3-1': 4.199, 'm4-1': 0.791}",0.0,inf,inf,inf,141.066,141.066
1343,TT3,BESTEFFORT,COMPLETED,m2-1,136.104,"{'m1-1': 1.961, 'm2-1': 1.305, 'm3-1': 5.424, 'm4-1': 0.986}",3.915,139.773,141.078,inf,141.304,141.304
1344,TT2,BESTEFFORT,CANCELLED,,136.145,"{'m1-1': 2.571, 'm2-1': 1.684, 'm3-1': 4.368, 'm4-1': 0.878}",0.0,inf,inf,inf,141.245,141.245
1345,TT3,BESTEFFORT,CANCELLED,,136.234,"{'m1-1': 1.757, 'm2-1': 1.759, 'm3-1': 5.415, 'm4-1': 0.945}",0.0,inf,inf,inf,141.434,141.434
1346,TT4,BESTEFFORT,COMPLETED,m4-1,136.256,"{'m1-1': 2.357, 'm2-1': 1.759, 'm3-1': 4.116, 'm4-1': 1.009}",1.5134999999999998,138.57200000000006,139.58100000000005,inf,141.256,141.256
1347,TT4,BESTEFFORT,COMPLETED,m3-1,136.334,"{'m1-1': 2.283, 'm2-1': 1.711, 'm3-1': 3.94, 'm4-1': 0.755}",7.092,136.72899999999998,140.66899999999998,inf,141.334,141.334
1348,TT1,BESTEFFORT,CANCELLED,,136.543,"{'m1-1': 2.455, 'm2-1': 1.762, 'm3-1': 3.613, 'm4-1': 0.746}",0.0,inf,inf,inf,141.543,141.543
1349,TT2,BESTEFFORT,CANCELLED,,136.552,"{'m1-1': 2.044, 'm2-1': 1.677, 'm3-1': 4.652, 'm4-1': 0.999}",0.0,inf,inf,inf,141.652,141.652
1350,TT1,BESTEFFORT,MISSED,m1-1,136.569,"{'m1-1': 2.24, 'm2-1': 1.597, 'm3-1': 4.784, 'm4-1': 0.861}",3.2288000000000014,139.551,inf,141.569,141.569,141.569
1351,TT4,BESTEFFORT,CANCELLED,,136.586,"{'m1-1': 2.136, 'm2-1': 1.835, 'm3-1': 3.846, 'm4-1': 1.042}",0.0,inf,inf,inf,141.586,141.586
1352,TT1,BESTEFFORT,CANCELLED,,136.742,"{'m1-1': 1.997, 'm2-1': 1.48, 'm3-1': 3.683, 'm4-1': 0.714}",0.0,inf,inf,inf,141.742,141.742
1353,TT3,BESTEFFORT,CANCELLED,,136.802,"{'m1-1': 2.185, 'm2-1': 1.495, 'm3-1': 5.095, 'm4-1': 0.944}",0.0,inf,inf,inf,142.00199999999998,142.00199999999998
1354,TT2,BESTEFFORT,CANCELLED,,136.945,"{'m1-1': 2.645, 'm2-1': 1.605, 'm3-1': 4.189, 'm4-1': 0.933}",0.0,inf,inf,inf,142.045,142.045
1355,TT3,BESTEFFORT,CANCELLED,m4-1,136.956,"{'m1-1': 2.287, 'm2-1': 1.787, 'm3-1': 4.262, 'm4-1': 0.869}",0.0,inf,inf,inf,142.15599999999998,142.15599999999998
1356,TT2,BESTEFFORT,CANCELLED,,136.979,"{'m1-1': 2.263, 'm2-1': 1.61, 'm3-1': 4.398, 'm4-1': 0.891}",0.0,inf,inf,inf,142.079,142.079
1357,TT1,BESTEFFORT,CANCELLED,m4-1,137.103,"{'m1-1': 2.028, 'm2-1': 1.698, 'm3-1': 4.923, 'm4-1': 0.702}",0.0,inf,inf,inf,142.103,142.103
1358,TT1,BESTEFFORT,CANCELLED,,137.194,"{'m1-1': 2.308, 'm2-1': 1.465, 'm3-1': 4.282, 'm4-1': 0.851}",0.0,inf,inf,inf,142.194,142.194
1359,TT1,BESTEFFORT,CANCELLED,,137.273,"{'m1-1': 2.272, 'm2-1': 1.651, 'm3-1': 4.437, 'm4-1': 0.639}",0.0,inf,inf,inf,142.273,142.273
1360,TT4,BESTEFFORT,CANCELLED,,137.295,"{'m1-1': 1.771, 'm2-1': 1.401, 'm3-1': 4.38, 'm4-1': 0.986}",0.0,inf,inf,inf,142.295,142.295
1361,TT2,BESTEFFORT,CANCELLED,,137.436,"{'m1-1': 2.544, 'm2-1': 1.82, 'm3-1': 4.771, 'm4-1': 0.725}",0.0,inf,inf,inf,142.536,142.536
1362,TT1,BESTEFFORT,COMPLETED,m2-1,137.782,"{'m1-1': 1.963, 'm2-1': 1.615, 'm3-1': 4.48, 'm4-1': 0.695}",4.845,141.078,142.693,inf,142.782,142.782
1363,TT3,BESTEFFORT,CANCELLED,,137.795,"{'m1-1': 2.034, 'm2-1': 1.795, 'm3-1': 4.752, 'm4-1': 0.815}",0.0,inf,inf,inf,142.99499999999998,142.99499999999998
1364,TT1,BESTEFFORT,CANCELLED,m4-1,137.824,"{'m1-1': 2.542, 'm2-1': 1.702, 'm3-1': 3.987, 'm4-1': 0.638}",0.0,inf,inf,inf,142.824,142.824
1365,TT3,BESTEFFORT,CANCELLED,,137.862,"{'m1-1': 2.276, 'm2-1': 1.621, 'm3-1': 4.321, 'm4-1': 0.817}",0.0,inf,inf,inf,143.06199999999998,143.06199999999998
1366,TT2,BESTEFFORT,CANCELLED,,137.95,"{'m1-1': 1.935, 'm2-1': 1.676, 'm3-1': 4.527, 'm4-1': 0.732}",0.0,inf,inf,inf,143.04999999999998,143.04999999999998
1367,TT2,BESTEFFORT,CANCELLED,,138.096,"{'m1-1': 1.882, 'm2-1': 1.861, 'm3-1': 4.477, 'm4-1': 0.89}",0.0,inf,inf,inf,143.196,143.196
1368,TT2,BESTEFFORT,CANCELLED,,138.169,"{'m1-1': 2.297, 'm2-1': 2.064, 'm3-1': 4.179, 'm4-1': 0.863}",0.0,inf,inf,inf,143.269,143.269
1369,TT4,BESTEFFORT,COMPLETED,m4-1,138.309,"{'m1-1': 1.993, 'm2-1': 1.629, 'm3-1': 4.641, 'm4-1': 0.984}",1.476,139.58100000000005,140.56500000000005,inf,143.309,143.309
1370,TT3,BESTEFFORT,CANCELLED,m4-1,138.41,"{'m1-1': 1.984, 'm2-1': 1.514, 'm3-1': 4.45, 'm4-1': 0.78}",0.0,inf,inf,inf,143.60999999999999,143.60999999999999
1371,TT3,BESTEFFORT,MISSED,m1-1,138.436,"{'m1-1': 2.201, 'm2-1': 1.536, 'm3-1': 5.178, 'm4-1': 0.785}",3.307200000000012,141.569,inf,143.636,143.636,143.636
1372,TT2,BESTEFFORT,COMPLETED,m4-1,138.605,"{'m1-1': 2.211, 'm2-1': 1.953, 'm3-1': 4.23, 'm4-1': 0.861}",1.2915,140.56500000000005,141.42600000000004,inf,143.70499999999998,143.70499999999998
1373,TT4,BESTEFFORT,CANCELLED,m4-1,138.611,"{'m1-1': 1.9, 'm2-1': 1.411, 'm3-1': 3.726, 'm4-1': 1.07}",0.0,inf,inf,inf,143.611,143.611
1374,TT1,BESTEFFORT,CANCELLED,,138.96,"{'m1-1': 2.062, 'm2-1': 1.442, 'm3-1': 4.727, 'm4-1': 0.752}",0.0,inf,inf,inf,143.96,143.96
1375,TT4,BESTEFFORT,CANCELLED,,139.062,"{'m1-1': 2.312, 'm2-1': 1.748, 'm3-1': 4.063, 'm4-1': 1.053}",0.0,inf,inf,inf,144.062,144.062
1376,TT3,BESTEFFORT,COMPLETED,m2-1,139.445,"{'m1-1': 2.346, 'm2-1': 1.782, 'm3-1': 4.527, 'm4-1': 0.986}",5.346,142.693,144.47500000000002,inf,144.64499999999998,144.64499999999998
1377,TT2,BESTEFFORT,COMPLETED,m4-1,139.47,"{'m1-1': 2.535, 'm2-1': 1.818, 'm3-1': 4.311, 'm4-1': 0.925}",1.3875000000000002,141.42600000000004,142.35100000000006,inf,144.57,144.57
1378,TT4,BESTEFFORT,MISSED,m3-1,139.555,"{'m1-1': 1.78, 'm2-1': 1.884, 'm3-1': 5.025, 'm4-1': 1.063}",6.994800000000043,140.66899999999998,inf,144.555,144.555,144.555
1379,TT4,BESTEFFORT,CANCELLED,,139.777,"{'m1-1': 1.97, 'm2-1': 1.357, 'm3-1': 4.071, 'm4-1': 0.762}",0.0,inf,inf,inf,144.777,144.777
1380,TT1,BESTEFFORT,CANCELLED,,139.793,"{'m1-1': 1.922, 'm2-1': 1.943, 'm3-1': 4.596, 'm4-1': 0.7}",0.0,inf,inf,inf,144.793,144.793
1381,TT2,BESTEFFORT,CANCELLED,,139.96,"{'m1-1': 2.082, 'm2-1': 1.591, 'm3-1': 4.317, 'm4-1': 0.983}",0.0,inf,inf,inf,145.06,145.06
1382,TT4,BESTEFFORT,CANCELLED,,140.235,"{'m1-1': 2.413, 'm2-1': 1.846, 'm3-1': 3.696, 'm4-1': 0.884}",0.0,inf,inf,inf,145.235,145.235
1383,TT4,BESTEFFORT,CANCELLED,,140.285,"{'m1-1': 2.224, 'm2-1': 1.541, 'm3-1': 4.735, 'm4-1': 0.873}",0.0,inf,inf,inf,145.285,145.285
1384,TT2,BESTEFFORT,COMPLETED,m4-1,140.376,"{'m1-1': 2.521, 'm2-1': 1.567, 'm3-1': 4.365, 'm4-1': 0.972}",1.458,142.35100000000006,143.32300000000006,inf,145.476,145.476
1385,TT4,BESTEFFORT,CANCELLED,,140.592,"{'m1-1': 2.45, 'm2-1': 1.579, 'm3-1': 3.752, 'm4-1': 0.898}",0.0,inf,inf,inf,145.592,145.592
1386,TT1,BESTEFFORT,MISSED,m2-1,140.673,"{'m1-1': 1.923, 'm2-1': 1.417, 'm3-1': 4.62, 'm4-1': 0.785}",3.5939999999999372,144.47500000000002,inf,145.673,145.673,145.673
1387,TT2,BESTEFFORT,CANCELLED,m4-1,140.703,"{'m1-1': 1.95, 'm2-1': 2.071, 'm3-1': 4.712, 'm4-1': 0.863}",0.0,inf,inf,inf,145.803,145.803
1388,TT3,BESTEFFORT,MISSED,m1-1,140.775,"{'m1-1': 2.434, 'm2-1': 1.602, 'm3-1': 4.732, 'm4-1': 0.949}",3.742399999999998,143.636,inf,145.975,145.975,145.975
1389,TT3,BESTEFFORT,CANCELLED,,140.876,"{'m1-1': 1.84, 'm2-1': 1.641, 'm3-1': 4.952, 'm4-1': 0.74}",0.0,inf,inf,inf,146.076,146.076
1390,TT2,BESTEFFORT,CANCELLED,,140.895,"{'m1-1': 1.951, 'm2-1': 1.636, 'm3-1': 4.304, 'm4-1': 0.83}",0.0,inf,inf,inf,145.995,145.995
1391,TT4,BESTEFFORT,CANCELLED,,140.956,"{'m1-1': 2.0, 'm2-1': 1.664, 'm3-1': 3.705, 'm4-1': 0.777}",0.0,inf,inf,inf,145.956,145.956
1392,TT4,BESTEFFORT,CANCELLED,,141.01,"{'m1-1': 1.894, 'm2-1': 1.577, 'm3-1': 5.002, 'm4-1': 1.023}",0.0,inf,inf,inf,146.01,146.01
1393,TT1,BESTEFFORT,CANCELLED,,141.057,"{'m1-1': 2.451, 'm2-1': 1.702, 'm3-1': 3.832, 'm4-1': 0.696}",0.0,inf,inf,inf,146.057,146.057
1394,TT4,BESTEFFORT,CANCELLED,,141.101,"{'m1-1': 2.075, 'm2-1': 1.584, 'm3-1': 3.863, 'm4-1': 1.029}",0.0,inf,inf,inf,146.101,146.101
1395,TT4,BESTEFFORT,CANCELLED,,141.111,"{'m1-1': 2.239, 'm2-1': 1.807, 'm3-1': 3.934, 'm4-1': 0.829}",0.0,inf,inf,inf,146.111,146.111
1396,TT3,BESTEFFORT,CANCELLED,,141.193,"{'m1-1': 2.149, 'm2-1': 1.77, 'm3-1': 4.964, 'm4-1': 0.833}",0.0,inf,inf,inf,146.393,146.393
1397,TT1,BESTEFFORT,CANCELLED,,141.239,"{'m1-1': 1.929, 'm2-1': 1.404, 'm3-1': 3.805, 'm4-1': 0.674}",0.0,inf,inf,inf,146.239,146.239
1398,TT3,BESTEFFORT,CANCELLED,,141.26,"{'m1-1': 2.226, 'm2-1': 1.55, 'm3-1': 4.348, 'm4-1': 0.79}",0.0,inf,inf,inf,146.45999999999998,146.45999999999998
1399,TT4,BESTEFFORT,CANCELLED,,141.382,"{'m1-1': 2.016, 'm2-1': 1.437, 'm3-1': 3.929, 'm4-1': 0.968}",0.0,inf,inf,inf,146.382,146.382
1400,TT2,BESTEFFORT,CANCELLED,,141.387,"{'m1-1': 2.628, 'm2-1': 1.829, 'm3-1': 4.455, 'm4-1': 0.79}",0.0,inf,inf,inf,146.487,146.487
1401,TT1,BESTEFFORT,COMPLETED,m4-1,141.401,"{'m1-1': 2.474, 'm2-1': 1.474, 'm3-1': 4.915, 'm4-1': 0.788}",1.182,143.32300000000006,144.11100000000008,inf,146.401,146.401
1402,TT4,BESTEFFORT,CANCELLED,,141.508,"{'m1-1': 2.449, 'm2-1': 1.816, 'm3-1': 4.149, 'm4-1': 1.041}",0.0,inf,inf,inf,146.508,146.508
1403,TT4,BESTEFFORT,CANCELLED,,141.777,"{'m1-1': 2.335, 'm2-1': 1.666, 'm3-1': 4.865, 'm4-1': 1.028}",0.0,inf,inf,inf,146.777,146.777
1404,TT4,BESTEFFORT,CANCELLED,,141.859,"{'m1-1': 2.265, 'm2-1': 1.348, 'm3-1': 4.24, 'm4-1': 0.884}",0.0,inf,inf,inf,146.859,146.859
1405,TT4,BESTEFFORT,COMPLETED,m4-1,142.033,"{'m1-1': 1.906, 'm2-1': 1.573, 'm3-1': 4.003, 'm4-1': 0.855}",1.2825,144.11100000000008,144.96600000000007,inf,147.033,147.033
1406,TT3,BESTEFFORT,COMPLETED,m2-1,142.179,"{'m1-1': 2.175, 'm2-1': 1.557, 'm3-1': 4.921, 'm4-1': 0.927}",4.670999999999999,145.673,147.23,inf,147.379,147.379
1407,TT3,BESTEFFORT,CANCELLED,,142.201,"{'m1-1': 2.156, 'm2-1': 1.277, 'm3-1': 4.782, 'm4-1': 0.922}",0.0,inf,inf,inf,147.40099999999998,147.40099999999998
1408,TT2,BESTEFFORT,CANCELLED,,142.434,"{'m1-1': 2.364, 'm2-1': 1.96, 'm3-1': 3.926, 'm4-1': 0.808}",0.0,inf,inf,inf,147.534,147.534
1409,TT1,BESTEFFORT,CANCELLED,m4-1,142.54,"{'m1-1': 2.013, 'm2-1': 1.562, 'm3-1': 4.204, 'm4-1': 0.815}",0.0,inf,inf,inf,147.54,147.54
1410,TT1,BESTEFFORT,CANCELLED,,142.7,"{'m1-1': 2.525, 'm2-1': 1.732, 'm3-1': 4.013, 'm4-1': 0.811}",0.0,inf,inf,inf,147.7,147.7
1411,TT4,BESTEFFORT,MISSED,m1-1,142.819,"{'m1-1': 2.418, 'm2-1': 1.786, 'm3-1': 4.743, 'm4-1': 1.051}",2.950399999999991,145.975,inf,147.819,147.819,147.819
1412,TT1,BESTEFFORT,CANCELLED,,142.934,"{'m1-1': 2.312, 'm2-1': 1.948, 'm3-1': 4.511, 'm4-1': 0.644}",0.0,inf,inf,inf,147.934,147.934
1413,TT2,BESTEFFORT,CANCELLED,,142.971,"{'m1-1': 1.87, 'm2-1': 2.057, 'm3-1': 4.815, 'm4-1': 0.801}",0.0,inf,inf,inf,148.071,148.071
1414,TT4,BESTEFFORT,COMPLETED,m4-1,143.027,"{'m1-1': 2.065, 'm2-1': 1.884, 'm3-1': 4.925, 'm4-1': 1.037}",1.5554999999999999,144.96600000000007,146.00300000000007,inf,148.027,148.027
1415,TT2,BESTEFFORT,CANCELLED,m4-1,143.197,"{'m1-1': 2.281, 'm2-1': 1.739, 'm3-1': 4.21, 'm4-1': 0.924}",0.0,inf,inf,inf,148.297,148.297
1416,TT1,BESTEFFORT,MISSED,m2-1,143.698,"{'m1-1': 1.912, 'm2-1': 1.776, 'm3-1': 4.266, 'm4-1': 0.714}",4.404000000000053,147.23,inf,148.698,148.698,148.698
1417,TT1,BESTEFFORT,MISSED,m3-1,143.859,"{'m1-1': 2.484, 'm2-1': 1.485, 'm3-1': 4.719, 'm4-1': 0.678}",7.747200000000004,144.555,inf,148.859,148.859,148.859
1418,TT2,BESTEFFORT,CANCELLED,m4-1,144.014,"{'m1-1': 2.252, 'm2-1': 1.78, 'm3-1': 4.731, 'm4-1': 0.988}",0.0,inf,inf,inf,149.114,149.114
1419,TT4,BESTEFFORT,COMPLETED,m4-1,144.092,"{'m1-1': 2.031, 'm2-1': 1.846, 'm3-1': 3.721, 'm4-1': 0.959}",1.4385,146.00300000000007,146.96200000000007,inf,149.092,149.092
1420,TT2,BESTEFFORT,CANCELLED,,144.161,"{'m1-1': 1.918, 'm2-1': 1.815, 'm3-1': 3.626, 'm4-1': 0.866}",0.0,inf,inf,inf,149.261,149.261
1421,TT4,BESTEFFORT,COMPLETED,m4-1,144.417,"{'m1-1': 1.74, 'm2-1': 1.822, 'm3-1': 4.81, 'm4-1': 0.9}",1.35,146.96200000000007,147.86200000000008,inf,149.417,149.417
1422,TT1,BESTEFFORT,CANCELLED,,144.558,"{'m1-1': 1.871, 'm2-1': 1.623, 'm3-1': 4.784, 'm4-1': 0.783}",0.0,inf,inf,inf,149.558,149.558
1423,TT4,BESTEFFORT,CANCELLED,m4-1,144.768,"{'m1-1': 2.124, 'm2-1': 1.433, 'm3-1': 4.745, 'm4-1': 1.067}",0.0,inf,inf,inf,149.768,149.768
1424,TT2,BESTEFFORT,CANCELLED,,144.789,"{'m1-1': 2.438, 'm2-1': 1.757, 'm3-1': 4.768, 'm4-1': 0.719}",0.0,inf,inf,inf,149.88899999999998,149.88899999999998
1425,TT3,BESTEFFORT,CANCELLED,m4-1,144.906,"{'m1-1': 2.141, 'm2-1': 1.617, 'm3-1': 4.884, 'm4-1': 0.94}",0.0,inf,inf,inf,150.106,150.106
1426,TT4,BESTEFFORT,COMPLETED,m1-1,145.102,"{'m1-1': 1.891, 'm2-1': 1.498, 'm3-1': 4.091, 'm4-1': 0.778}",3.0256000000000003,147.819,149.70999999999998,inf,150.102,150.102
1427,TT1,BESTEFFORT,CANCELLED,,145.108,"{'m1-1': 2.049, 'm2-1': 1.582, 'm3-1': 4.266, 'm4-1': 0.717}",0.0,inf,inf,inf,150.108,150.108
1428,TT1,BESTEFFORT,COMPLETED,m2-1,145.442,"{'m1-1': 2.267, 'm2-1': 1.69, 'm3-1': 3.835, 'm4-1': 0.821}",5.07,148.698,150.388,inf,150.442,150.442
1429,TT3,BESTEFFORT,CANCELLED,,145.52,"{'m1-1': 2.03, 'm2-1': 1.449, 'm3-1': 5.468, 'm4-1': 0.938}",0.0,inf,inf,inf,150.72,150.72
1430,TT1,BESTEFFORT,CANCELLED,,145.606,"{'m1-1': 2.451, 'm2-1': 1.946, 'm3-1': 5.099, 'm4-1': 0.729}",0.0,inf,inf,inf,150.606,150.606
1431,TT3,BESTEFFORT,CANCELLED,,145.703,"{'m1-1': 2.18, 'm2-1': 1.409, 'm3-1': 4.805, 'm4-1': 0.951}",0.0,inf,inf,inf,150.903,150.903
1432,TT2,BESTEFFORT,CANCELLED,,145.719,"{'m1-1': 1.983, 'm2-1': 2.104, 'm3-1': 4.368, 'm4-1': 0.977}",0.0,inf,inf,inf,150.819,150.819
1433,TT1,BESTEFFORT,CANCELLED,,145.773,"{'m1-1': 2.241, 'm2-1': 1.457, 'm3-1': 4.72, 'm4-1': 0.626}",0.0,inf,inf,inf,150.773,150.773
1434,TT2,BESTEFFORT,CANCELLED,,145.776,"{'m1-1': 2.27, 'm2-1': 2.032, 'm3-1': 3.622, 'm4-1': 1.009}",0.0,inf,inf,inf,150.876,150.876
1435,TT3,BESTEFFORT,CANCELLED,,145.783,"{'m1-1': 2.041, 'm2-1': 1.408, 'm3-1': 4.772, 'm4-1': 0.965}",0.0,inf,inf,inf,150.98299999999998,150.98299999999998
1436,TT3,BESTEFFORT,CANCELLED,,145.805,"{'m1-1': 1.914, 'm2-1': 1.716, 'm3-1': 5.502, 'm4-1': 0.863}",0.0,inf,inf,inf,151.005,151.005
1437,TT2,BESTEFFORT,CANCELLED,,145.909,"{'m1-1': 2.188, 'm2-1': 2.122, 'm3-1': 5.004, 'm4-1': 0.733}",0.0,inf,inf,inf,151.009,151.009
1438,TT2,BESTEFFORT,COMPLETED,m4-1,145.979,"{'m1-1': 2.294, 'm2-1': 1.953, 'm3-1': 4.788, 'm4-1': 0.952}",1.428,147.86200000000008,148.81400000000008,inf,151.079,151.079
1439,TT1,BESTEFFORT,CANCELLED,,146.016,"{'m1-1': 1.991, 'm2-1': 1.416, 'm3-1': 4.395, 'm4-1': 0.798}",0.0,inf,inf,inf,151.016,151.016
1440,TT2,BESTEFFORT,CANCELLED,,146.204,"{'m1-1': 2.161, 'm2-1': 1.615, 'm3-1': 4.501, 'm4-1': 0.925}",0.0,inf,inf,inf,151.304,151.304
1441,TT4,BESTEFFORT,CANCELLED,,146.248,"{'m1-1': 2.249, 'm2-1': 1.897, 'm3-1': 4.954, 'm4-1': 1.05}",0.0,inf,inf,inf,151.248,151.248
1442,TT3,BESTEFFORT,MISSED,m2-1,146.272,"{'m1-1': 2.035, 'm2-1': 1.633, 'm3-1': 5.765, 'm4-1': 1.002}",3.2519999999999243,150.388,inf,151.47199999999998,151.47199999999998,151.47199999999998
1443,TT1,BESTEFFORT,CANCELLED,,146.276,"{'m1-1': 2.358, 'm2-1': 1.476, 'm3-1': 4.194, 'm4-1': 0.783}",0.0,inf,inf,inf,151.276,151.276
1444,TT4,BESTEFFORT,CANCELLED,,146.294,"{'m1-1': 2.058, 'm2-1': 1.609, 'm3-1': 3.823, 'm4-1': 1.061}",0.0,inf,inf,inf,151.294,151.294
1445,TT2,BESTEFFORT,CANCELLED,,146.474,"{'m1-1': 2.414, 'm2-1': 1.6, 'm3-1': 4.283, 'm4-1': 0.785}",0.0,inf,inf,inf,151.57399999999998,151.57399999999998
1446,TT3,BESTEFFORT,CANCELLED,,146.61,"{'m1-1': 2.013, 'm2-1': 1.437, 'm3-1': 5.926, 'm4-1': 0.902}",0.0,inf,inf,inf,151.81,151.81
1447,TT1,BESTEFFORT,COMPLETED,m4-1,146.665,"{'m1-1': 2.507, 'm2-1': 1.744, 'm3-1': 4.689, 'm4-1': 0.765}",1.1475,148.81400000000008,149.57900000000006,inf,151.665,151.665
1448,TT2,BESTEFFORT,COMPLETED,m4-1,146.754,"{'m1-1': 2.0, 'm2-1': 1.655, 'm3-1': 4.638, 'm4-1': 1.01}",1.5150000000000001,149.57900000000006,150.58900000000006,inf,151.85399999999998,151.85399999999998
1449,TT4,BESTEFFORT,CANCELLED,,146.993,"{'m1-1': 2.012, 'm2-1': 1.731, 'm3-1': 4.807, 'm4-1': 0.9}",0.0,inf,inf,inf,151.993,151.993
1450,TT4,BESTEFFORT,COMPLETED,m1-1,147.018,"{'m1-1': 2.082, 'm2-1': 1.859, 'm3-1': 3.822, 'm4-1': 0.806}",3.3312,149.70999999999998,151.79199999999997,inf,152.018,152.018
1451,TT4,BESTEFFORT,CANCELLED,,147.235,"{'m1-1': 2.054, 'm2-1': 1.872, 'm3-1': 4.501, 'm4-1': 0.983}",0.0,inf,inf,inf,152.235,152.235
1452,TT1,BESTEFFORT,CANCELLED,,147.441,"{'m1-1': 1.86, 'm2-1': 1.826, 'm3-1': 4.456, 'm4-1': 0.852}",0.0,inf,inf,inf,152.441,152.441
1453,TT1,BESTEFFORT,CANCELLED,,147.518,"{'m1-1': 1.985, 'm2-1': 1.732, 'm3-1': 3.624, 'm4-1': 0.854}",0.0,inf,inf,inf,152.518,152.518
1454,TT2,BESTEFFORT,MISSED,m3-1,147.628,"{'m1-1': 1.87, 'm2-1': 1.694, 'm3-1': 4.359, 'm4-1': 0.738}",6.964199999999948,148.859,inf,152.72799999999998,152.72799999999998,152.72799999999998
1455,TT3,BESTEFFORT,MISSED,m2-1,147.738,"{'m1-1': 2.155, 'm2-1': 1.782, 'm3-1': 5.965, 'm4-1': 1.009}",4.398000000000025,151.47199999999998,inf,152.938,152.938,152.938
1456,TT3,BESTEFFORT,CANCELLED,,147.825,"{'m1-1': 2.132, 'm2-1': 1.329, 'm3-1': 5.661, 'm4-1': 0.746}",0.0,inf,inf,inf,153.02499999999998,153.02499999999998
1457,TT2,BESTEFFORT,COMPLETED,m4-1,147.852,"{'m1-1': 2.56, 'm2-1': 2.011, 'm3-1': 4.462, 'm4-1': 1.005}",1.5074999999999998,150.58900000000006,151.59400000000005,inf,152.952,152.952
1458,TT1,BESTEFFORT,CANCELLED,,148.118,"{'m1-1': 2.341, 'm2-1': 1.551, 'm3-1': 4.054, 'm4-1': 0.736}",0.0,inf,inf,inf,153.118,153.118
1459,TT4,BESTEFFORT,CANCELLED,,148.217,"{'m1-1': 2.317, 'm2-1': 1.803, 'm3-1': 4.602, 'm4-1': 1.014}",0.0,inf,inf,inf,153.217,153.217
1460,TT1,BESTEFFORT,COMPLETED,m4-1,148.44,"{'m1-1': 2.549, 'm2-1': 1.541, 'm3-1': 3.676, 'm4-1': 0.808}",1.2120000000000002,151.59400000000005,152.40200000000004,inf,153.44,153.44
1461,TT3,BESTEFFORT,COMPLETED,m1-1,148.846,"{'m1-1': 2.206, 'm2-1': 1.385, 'm3-1': 4.492, 'm4-1': 0.892}",3.5296000000000003,151.79199999999997,153.99799999999996,inf,154.046,154.046
1462,TT2,BESTEFFORT,CANCELLED,,148.865,"{'m1-1': 2.456, 'm2-1': 1.858, 'm3-1': 4.156, 'm4-1': 0.899}",0.0,inf,inf,inf,153.965,153.965
1463,TT1,BESTEFFORT,COMPLETED,m4-1,149.375,"{'m1-1': 2.286, 'm2-1': 1.471, 'm3-1': 4.261, 'm4-1': 0.825}",1.2374999999999998,152.40200000000004,153.22700000000003,inf,154.375,154.375
1464,TT2,BESTEFFORT,CANCELLED,,149.419,"{'m1-1': 2.221, 'm2-1': 1.592, 'm3-1': 3.75, 'm4-1': 0.794}",0.0,inf,inf,inf,154.519,154.519
1465,TT2,BESTEFFORT,CANCELLED,,149.48,"{'m1-1': 2.483, 'm2-1': 1.979, 'm3-1': 5.057, 'm4-1': 0.832}",0.0,inf,inf,inf,154.57999999999998,154.57999999999998
1466,TT2,BESTEFFORT,MISSED,m2-1,149.654,"{'m1-1': 1.888, 'm2-1': 1.99, 'm3-1': 4.597, 'm4-1': 0.829}",5.4480000000000075,152.938,inf,154.754,154.754,154.754
1467,TT4,BESTEFFORT,CANCELLED,,149.725,"{'m1-1': 2.442, 'm2-1': 1.601, 'm3-1': 3.706, 'm4-1': 0.802}",0.0,inf,inf,inf,154.725,154.725
1468,TT3,BESTEFFORT,CANCELLED,,149.782,"{'m1-1': 2.127, 'm2-1': 1.348, 'm3-1': 4.748, 'm4-1': 0.729}",0.0,inf,inf,inf,154.982,154.982
1469,TT3,BESTEFFORT,CANCELLED,,149.787,"{'m1-1': 2.31, 'm2-1': 1.471, 'm3-1': 5.421, 'm4-1': 0.864}",0.0,inf,inf,inf,154.987,154.987
1470,TT3,BESTEFFORT,CANCELLED,,149.796,"{'m1-1': 2.31, 'm2-1': 1.432, 'm3-1': 4.972, 'm4-1': 0.793}",0.0,inf,inf,inf,154.99599999999998,154.99599999999998
1471,TT4,BESTEFFORT,CANCELLED,,149.98,"{'m1-1': 2.301, 'm2-1': 1.576, 'm3-1': 4.734, 'm4-1': 0.971}",0.0,inf,inf,inf,154.98,154.98
1472,TT2,BESTEFFORT,CANCELLED,,150.089,"{'m1-1': 2.537, 'm2-1': 1.759, 'm3-1': 4.872, 'm4-1': 0.748}",0.0,inf,inf,inf,155.189,155.189
1473,TT1,BESTEFFORT,CANCELLED,,150.212,"{'m1-1': 2.483, 'm2-1': 1.823, 'm3-1': 4.724, 'm4-1': 0.784}",0.0,inf,inf,inf,155.212,155.212
1474,TT3,BESTEFFORT,CANCELLED,,150.219,"{'m1-1': 1.869, 'm2-1': 1.299, 'm3-1': 5.959, 'm4-1': 0.865}",0.0,inf,inf,inf,155.41899999999998,155.41899999999998
1475,TT4,BESTEFFORT,CANCELLED,,150.232,"{'m1-1': 2.324, 'm2-1': 1.342, 'm3-1': 3.657, 'm4-1': 0.908}",0.0,inf,inf,inf,155.232,155.232
1476,TT1,BESTEFFORT,CANCELLED,,150.37,"{'m1-1': 2.475, 'm2-1': 1.569, 'm3-1': 4.075, 'm4-1': 0.74}",0.0,inf,inf,inf,155.37,155.37
1477,TT1,BESTEFFORT,CANCELLED,,150.434,"{'m1-1': 2.408, 'm2-1': 1.467, 'm3-1': 4.001, 'm4-1': 0.684}",0.0,inf,inf,inf,155.434,155.434
1478,TT1,BESTEFFORT,CANCELLED,m4-1,150.502,"{'m1-1': 1.954, 'm2-1': 1.527, 'm3-1': 4.176, 'm4-1': 0.715}",0.0,inf,inf,inf,155.502,155.502
1479,TT4,BESTEFFORT,MISSED,m1-1,150.67,"{'m1-1': 2.212, 'm2-1': 1.476, 'm3-1': 4.976, 'm4-1': 0.986}",2.675200000000041,153.99799999999996,inf,155.67,155.67,155.67
1480,TT3,BESTEFFORT,CANCELLED,,150.884,"{'m1-1': 1.836, 'm2-1': 1.587, 'm3-1': 4.41, 'm4-1': 0.74}",0.0,inf,inf,inf,156.08399999999997,156.08399999999997
1481,TT4,BESTEFFORT,CANCELLED,,151.007,"{'m1-1': 1.935, 'm2-1': 1.376, 'm3-1': 4.049, 'm4-1': 1.012}",0.0,inf,inf,inf,156.007,156.007
1482,TT2,BESTEFFORT,CANCELLED,,151.05,"{'m1-1': 2.132, 'm2-1': 2.128, 'm3-1': 4.269, 'm4-1': 0.933}",0.0,inf,inf,inf,156.15,156.15
1483,TT4,BESTEFFORT,CANCELLED,,151.135,"{'m1-1': 1.906, 'm2-1': 1.363, 'm3-1': 5.135, 'm4-1': 0.88}",0.0,inf,inf,inf,156.135,156.135
1484,TT4,BESTEFFORT,MISSED,m2-1,151.192,"{'m1-1': 1.912, 'm2-1': 1.555, 'm3-1': 4.664, 'm4-1': 0.833}",4.31400000000005,154.754,inf,156.192,156.192,156.192
1485,TT3,BESTEFFORT,CANCELLED,,151.3,"{'m1-1': 2.383, 'm2-1': 1.419, 'm3-1': 5.54, 'm4-1': 0.742}",0.0,inf,inf,inf,156.5,156.5
1486,TT1,BESTEFFORT,CANCELLED,,151.343,"{'m1-1': 2.197, 'm2-1': 1.579, 'm3-1': 4.046, 'm4-1': 0.726}",0.0,inf,inf,inf,156.343,156.343
1487,TT4,BESTEFFORT,CANCELLED,m4-1,151.419,"{'m1-1': 2.152, 'm2-1': 1.754, 'm3-1': 4.739, 'm4-1': 1.055}",0.0,inf,inf,inf,156.419,156.419
1488,TT3,BESTEFFORT,CANCELLED,,151.592,"{'m1-1': 2.411, 'm2-1': 1.528, 'm3-1': 4.577, 'm4-1': 0.817}",0.0,inf,inf,inf,156.792,156.792
1489,TT3,BESTEFFORT,COMPLETED,m4-1,151.66,"{'m1-1': 2.259, 'm2-1': 1.791, 'm3-1': 5.801, 'm4-1': 0.945}",1.4175,153.22700000000003,154.17200000000003,inf,156.85999999999999,156.85999999999999
1490,TT2,BESTEFFORT,COMPLETED,m3-1,151.822,"{'m1-1': 2.191, 'm2-1': 1.875, 'm3-1': 3.785, 'm4-1': 0.846}",6.813000000000001,152.72799999999998,156.51299999999998,inf,156.922,156.922
1491,TT3,BESTEFFORT,CANCELLED,,151.839,"{'m1-1': 2.234, 'm2-1': 1.634, 'm3-1': 4.427, 'm4-1': 0.742}",0.0,inf,inf,inf,157.039,157.039
1492,TT1,BESTEFFORT,CANCELLED,,151.932,"{'m1-1': 2.399, 'm2-1': 1.647, 'm3-1': 4.88, 'm4-1': 0.738}",0.0,inf,inf,inf,156.932,156.932
1493,TT1,BESTEFFORT,CANCELLED,,151.935,"{'m1-1': 2.103, 'm2-1': 1.631, 'm3-1': 4.047, 'm4-1': 0.726}",0.0,inf,inf,inf,156.935,156.935
1494,TT4,BESTEFFORT,CANCELLED,,152.021,"{'m1-1': 2.213, 'm2-1': 1.447, 'm3-1': 3.926, 'm4-1': 0.774}",0.0,inf,inf,inf,157.021,157.021
1495,TT2,BESTEFFORT,CANCELLED,,152.162,"{'m1-1': 2.547, 'm2-1': 1.557, 'm3-1': 3.737, 'm4-1': 1.017}",0.0,inf,inf,inf,157.262,157.262
1496,TT2,BESTEFFORT,CANCELLED,,152.198,"{'m1-1': 2.253, 'm2-1': 1.712, 'm3-1': 4.984, 'm4-1': 0.889}",0.0,inf,inf,inf,157.298,157.298
1497,TT2,BESTEFFORT,CANCELLED,,152.244,"{'m1-1': 2.469, 'm2-1': 2.056, 'm3-1': 4.685, 'm4-1': 0.829}",0.0,inf,inf,inf,157.344,157.344
1498,TT3,BESTEFFORT,COMPLETED,m1-1,152.358,"{'m1-1': 1.882, 'm2-1': 1.641, 'm3-1': 4.225, 'm4-1': 0.719}",3.0112,155.67,157.552,inf,157.558,157.558
1499,TT1,BESTEFFORT,CANCELLED,m4-1,152.383,"{'m1-1': 2.447, 'm2-1': 1.883, 'm3-1': 3.613, 'm4-1': 0.86}",0.0,inf,inf,inf,157.383,157.383
1500,TT4,BESTEFFORT,CANCELLED,,152.391,"{'m1-1': 2.291, 'm2-1': 1.881, 'm3-1': 4.331, 'm4-1': 1.025}",0.0,inf,inf,inf,157.391,157.391
1501,TT4,BESTEFFORT,MISSED,m2-1,152.672,"{'m1-1': 2.042, 'm2-1': 1.555, 'm3-1': 4.896, 'm4-1': 0.866}",4.439999999999969,156.192,inf,157.672,157.672,157.672
1502,TT4,BESTEFFORT,CANCELLED,,152.811,"{'m1-1': 2.423, 'm2-1': 1.478, 'm3-1': 4.739, 'm4-1': 0.853}",0.0,inf,inf,inf,157.811,157.811
1503,TT3,BESTEFFORT,CANCELLED,m4-1,152.83,"{'m1-1': 2.332, 'm2-1': 1.729, 'm3-1': 5.301, 'm4-1': 0.899}",0.0,inf,inf,inf,158.03,158.03
1504,TT2,BESTEFFORT,CANCELLED,m4-1,152.871,"{'m1-1': 2.447, 'm2-1': 1.921, 'm3-1': 4.039, 'm4-1': 0.797}",0.0,inf,inf,inf,157.971,157.971
1505,TT2,BESTEFFORT,CANCELLED,,152.901,"{'m1-1': 2.252, 'm2-1': 1.74, 'm3-1': 4.383, 'm4-1': 0.976}",0.0,inf,inf,inf,158.001,158.001
1506,TT4,BESTEFFORT,CANCELLED,,152.911,"{'m1-1': 2.124, 'm2-1': 1.812, 'm3-1': 4.768, 'm4-1': 1.026}",0.0,inf,inf,inf,157.911,157.911
1507,TT3,BESTEFFORT,CANCELLED,m4-1,152.941,"{'m1-1': 1.83, 'm2-1': 1.764, 'm3-1': 5.727, 'm4-1': 0.773}",0.0,inf,inf,inf,158.141,158.141
1508,TT4,BESTEFFORT,COMPLETED,m4-1,153.029,"{'m1-1': 1.883, 'm2-1': 1.373, 'm3-1': 4.11, 'm4-1': 0.924}",1.3860000000000001,154.17200000000003,155.09600000000003,inf,158.029,158.029
1509,TT4,BESTEFFORT,CANCELLED,,153.284,"{'m1-1': 2.367, 'm2-1': 1.609, 'm3-1': 3.889, 'm4-1': 0.927}",0.0,inf,inf,inf,158.284,158.284
1510,TT2,BESTEFFORT,CANCELLED,,153.294,"{'m1-1': 1.898, 'm2-1': 1.906, 'm3-1': 4.052, 'm4-1': 0.883}",0.0,inf,inf,inf,158.394,158.394
1511,TT2,BESTEFFORT,CANCELLED,,153.295,"{'m1-1': 2.063, 'm2-1': 1.919, 'm3-1': 3.752, 'm4-1': 0.821}",0.0,inf,inf,inf,158.39499999999998,158.39499999999998
1512,TT4,BESTEFFORT,CANCELLED,,153.317,"{'m1-1': 1.913, 'm2-1': 1.798, 'm3-1': 4.765, 'm4-1': 0.818}",0.0,inf,inf,inf,158.317,158.317
1513,TT4,BESTEFFORT,CANCELLED,,153.356,"{'m1-1': 1.9, 'm2-1': 1.864, 'm3-1': 4.24, 'm4-1': 0.866}",0.0,inf,inf,inf,158.356,158.356
1514,TT4,BESTEFFORT,CANCELLED,,153.397,"{'m1-1': 1.744, 'm2-1': 1.783, 'm3-1': 4.274, 'm4-1': 0.864}",0.0,inf,inf,inf,158.397,158.397
1515,TT1,BESTEFFORT,CANCELLED,,153.587,"{'m1-1': 2.031, 'm2-1': 1.522, 'm3-1': 5.067, 'm4-1': 0.766}",0.0,inf,inf,inf,158.587,158.587
1516,TT2,BESTEFFORT,CANCELLED,,153.729,"{'m1-1': 2.184, 'm2-1': 1.912, 'm3-1': 4.133, 'm4-1': 0.966}",0.0,inf,inf,inf,158.829,158.829
1517,TT2,BESTEFFORT,CANCELLED,,153.802,"{'m1-1': 2.569, 'm2-1': 1.852, 'm3-1': 3.734, 'm4-1': 0.777}",0.0,inf,inf,inf,158.902,158.902
1518,TT3,BESTEFFORT,CANCELLED,,153.906,"{'m1-1': 2.259, 'm2-1': 1.725, 'm3-1': 5.163, 'm4-1': 0.77}",0.0,inf,inf,inf,159.106,159.106
1519,TT4,BESTEFFORT,COMPLETED,m4-1,153.92,"{'m1-1': 2.421, 'm2-1': 1.636, 'm3-1': 4.175, 'm4-1': 0.917}",1.3755000000000002,155.09600000000003,156.01300000000003,inf,158.92,158.92
1520,TT3,BESTEFFORT,CANCELLED,m4-1,153.977,"{'m1-1': 1.914, 'm2-1': 1.636, 'm3-1': 5.372, 'm4-1': 0.95}",0.0,inf,inf,inf,159.177,159.177
1521,TT3,BESTEFFORT,CANCELLED,,154.049,"{'m1-1': 2.235, 'm2-1': 1.718, 'm3-1': 5.56, 'm4-1': 0.892}",0.0,inf,inf,inf,159.249,159.249
1522,TT4,BESTEFFORT,COMPLETED,m4-1,154.172,"{'m1-1': 2.121, 'm2-1': 1.615, 'm3-1': 3.632, 'm4-1': 0.879}",1.3185,156.01300000000003,156.89200000000002,inf,159.172,159.172
1523,TT2,BESTEFFORT,COMPLETED,m2-1,154.301,"{'m1-1': 2.637, 'm2-1': 1.513, 'm3-1': 4.595, 'm4-1': 0.797}",4.539,157.672,159.185,inf,159.40099999999998,159.40099999999998
1524,TT1,BESTEFFORT,CANCELLED,,154.404,"{'m1-1': 2.01, 'm2-1': 1.512, 'm3-1': 4.312, 'm4-1': 0.693}",0.0,inf,inf,inf,159.404,159.404
1525,TT4,BESTEFFORT,MISSED,m1-1,154.444,"{'m1-1': 2.093, 'm2-1': 1.722, 'm3-1': 4.825, 'm4-1': 1.053}",3.0271999999999935,157.552,inf,159.444,159.444,159.444
1526,TT4,BESTEFFORT,CANCELLED,m4-1,154.724,"{'m1-1': 2.093, 'm2-1': 1.765, 'm3-1': 4.185, 'm4-1': 1.002}",0.0,inf,inf,inf,159.724,159.724
1527,TT2,BESTEFFORT,COMPLETED,m4-1,155.191,"{'m1-1': 2.095, 'm2-1': 2.032, 'm3-1': 5.028, 'm4-1': 0.803}",1.2045000000000001,156.89200000000002,157.69500000000002,inf,160.291,160.291
1528,TT2,BESTEFFORT,CANCELLED,,155.23,"{'m1-1': 1.95, 'm2-1': 1.565, 'm3-1': 4.187, 'm4-1': 0.726}",0.0,inf,inf,inf,160.32999999999998,160.32999999999998
1529,TT4,BESTEFFORT,CANCELLED,,155.234,"{'m1-1': 2.268, 'm2-1': 1.386, 'm3-1': 4.641, 'm4-1': 0.774}",0.0,inf,inf,inf,160.234,160.234
1530,TT1,BESTEFFORT,CANCELLED,,155.309,"{'m1-1': 2.582, 'm2-1': 1.419, 'm3-1': 4.338, 'm4-1': 0.776}",0.0,inf,inf,inf,160.309,160.309
1531,TT3,BESTEFFORT,CANCELLED,,155.324,"{'m1-1': 2.007, 'm2-1': 1.388, 'm3-1': 5.138, 'm4-1': 0.893}",0.0,inf,inf,inf,160.524,160.524
1532,TT4,BESTEFFORT,MISSED,m3-1,155.435,"{'m1-1': 2.399, 'm2-1': 1.505, 'm3-1': 4.092, 'm4-1': 0.835}",7.059600000000046,156.51299999999998,inf,160.435,160.435,160.435
1533,TT4,BESTEFFORT,CANCELLED,,155.489,"{'m1-1': 2.401, 'm2-1': 1.437, 'm3-1': 4.018, 'm4-1': 0.954}",0.0,inf,inf,inf,160.489,160.489
1534,TT4,BESTEFFORT,CANCELLED,,155.771,"{'m1-1': 2.0, 'm2-1': 1.649, 'm3-1': 4.648, 'm4-1': 0.925}",0.0,inf,inf,inf,160.771,160.771
1535,TT4,BESTEFFORT,CANCELLED,,155.779,"{'m1-1': 2.102, 'm2-1': 1.692, 'm3-1': 4.499, 'm4-1': 0.819}",0.0,inf,inf,inf,160.779,160.779
1536,TT3,BESTEFFORT,COMPLETED,m2-1,155.901,"{'m1-1': 1.96, 'm2-1': 1.443, 'm3-1': 4.957, 'm4-1': 0.965}",4.329000000000001,159.185,160.62800000000001,inf,161.101,161.101
1537,TT3,BESTEFFORT,CANCELLED,,155.942,"{'m1-1': 2.008, 'm2-1': 1.501, 'm3-1': 4.791, 'm4-1': 0.906}",0.0,inf,inf,inf,161.142,161.142
1538,TT2,BESTEFFORT,COMPLETED,m4-1,155.958,"{'m1-1': 2.26, 'm2-1': 2.068, 'm3-1': 4.934, 'm4-1': 0.738}",1.107,157.69500000000002,158.43300000000002,inf,161.058,161.058
1539,TT3,BESTEFFORT,CANCELLED,,156.403,"{'m1-1': 2.005, 'm2-1': 1.646, 'm3-1': 4.864, 'm4-1': 0.835}",0.0,inf,inf,inf,161.60299999999998,161.60299999999998
1540,TT2,BESTEFFORT,CANCELLED,m4-1,156.419,"{'m1-1': 2.592, 'm2-1': 1.598, 'm3-1': 4.995, 'm4-1': 0.844}",0.0,inf,inf,inf,161.519,161.519
1541,TT1,BESTEFFORT,CANCELLED,m4-1,156.746,"{'m1-1': 2.044, 'm2-1': 1.652, 'm3-1': 4.186, 'm4-1': 0.806}",0.0,inf,inf,inf,161.746,161.746
1542,TT3,BESTEFFORT,COMPLETED,m1-1,156.821,"{'m1-1': 1.867, 'm2-1': 1.34, 'm3-1': 4.451, 'm4-1': 0.926}",2.9872,159.444,161.31099999999998,inf,162.021,162.021
1543,TT4,BESTEFFORT,CANCELLED,,157.021,"{'m1-1': 1.773, 'm2-1': 1.774, 'm3-1': 4.327, 'm4-1': 0.938}",0.0,inf,inf,inf,162.021,162.021
1544,TT4,BESTEFFORT,CANCELLED,,157.03,"{'m1-1': 1.926, 'm2-1': 1.666, 'm3-1': 4.68, 'm4-1': 0.876}",0.0,inf,inf,inf,162.03,162.03
1545,TT1,BESTEFFORT,CANCELLED,,157.138,"{'m1-1': 2.209, 'm2-1': 1.657, 'm3-1': 3.888, 'm4-1': 0.767}",0.0,inf,inf,inf,162.138,162.138
1546,TT1,BESTEFFORT,CANCELLED,,157.211,"{'m1-1': 1.94, 'm2-1': 1.613, 'm3-1': 4.634, 'm4-1': 0.715}",0.0,inf,inf,inf,162.211,162.211
1547,TT3,BESTEFFORT,COMPLETED,m2-1,157.275,"{'m1-1': 2.43, 'm2-1': 1.298, 'm3-1': 4.338, 'm4-1': 0.741}",3.894,160.62800000000001,161.92600000000002,inf,162.475,162.475
1548,TT1,BESTEFFORT,CANCELLED,,157.321,"{'m1-1': 2.384, 'm2-1': 1.668, 'm3-1': 4.503, 'm4-1': 0.78}",0.0,inf,inf,inf,162.321,162.321
1549,TT3,BESTEFFORT,CANCELLED,m4-1,157.329,"{'m1-1': 2.333, 'm2-1': 1.694, 'm3-1': 4.838, 'm4-1': 0.783}",0.0,inf,inf,inf,162.529,162.529
1550,TT3,BESTEFFORT,CANCELLED,,157.373,"{'m1-1': 2.271, 'm2-1': 1.297, 'm3-1': 5.099, 'm4-1': 0.765}",0.0,inf,inf,inf,162.57299999999998,162.57299999999998
1551,TT1,BESTEFFORT,COMPLETED,m4-1,157.537,"{'m1-1': 2.409, 'm2-1': 1.742, 'm3-1': 4.645, 'm4-1': 0.647}",0.9705,158.43300000000002,159.08,inf,162.537,162.537
1552,TT1,BESTEFFORT,CANCELLED,,157.606,"{'m1-1': 1.881, 'm2-1': 1.542, 'm3-1': 4.999, 'm4-1': 0.83}",0.0,inf,inf,inf,162.606,162.606
1553,TT1,BESTEFFORT,COMPLETED,m4-1,157.67,"{'m1-1': 2.205, 'm2-1': 1.618, 'm3-1': 3.877, 'm4-1': 0.724}",1.0859999999999999,159.08,159.804,inf,162.67,162.67
1554,TT2,BESTEFFORT,CANCELLED,,157.672,"{'m1-1': 2.129, 'm2-1': 1.985, 'm3-1': 3.789, 'm4-1': 0.744}",0.0,inf,inf,inf,162.772,162.772
1555,TT2,BESTEFFORT,CANCELLED,,157.696,"{'m1-1': 2.252, 'm2-1': 1.953, 'm3-1': 4.826, 'm4-1': 0.866}",0.0,inf,inf,inf,162.796,162.796
1556,TT4,BESTEFFORT,CANCELLED,,157.752,"{'m1-1': 1.796, 'm2-1': 1.556, 'm3-1': 3.746, 'm4-1': 0.937}",0.0,inf,inf,inf,162.752,162.752
1557,TT1,BESTEFFORT,CANCELLED,m4-1,157.978,"{'m1-1': 2.209, 'm2-1': 1.65, 'm3-1': 4.361, 'm4-1': 0.649}",0.0,inf,inf,inf,162.978,162.978
1558,TT4,BESTEFFORT,CANCELLED,,158.096,"{'m1-1': 2.223, 'm2-1': 1.468, 'm3-1': 4.437, 'm4-1': 0.807}",0.0,inf,inf,inf,163.096,163.096
1559,TT3,BESTEFFORT,COMPLETED,m4-1,158.123,"{'m1-1': 2.252, 'm2-1': 1.422, 'm3-1': 4.772, 'm4-1': 0.845}",1.2675,159.804,160.649,inf,163.32299999999998,163.32299999999998
1560,TT3,BESTEFFORT,CANCELLED,,158.322,"{'m1-1': 1.89, 'm2-1': 1.305, 'm3-1': 5.715, 'm4-1': 0.958}",0.0,inf,inf,inf,163.522,163.522
1561,TT4,BESTEFFORT,COMPLETED,m1-1,158.606,"{'m1-1': 1.942, 'm2-1': 1.56, 'm3-1': 3.926, 'm4-1': 1.01}",3.1072,161.31099999999998,163.253,inf,163.606,163.606
1562,TT4,BESTEFFORT,CANCELLED,,158.638,"{'m1-1': 2.124, 'm2-1': 1.832, 'm3-1': 5.068, 'm4-1': 1.021}",0.0,inf,inf,inf,163.638,163.638
1563,TT3,BESTEFFORT,CANCELLED,,158.638,"{'m1-1': 2.397, 'm2-1': 1.507, 'm3-1': 5.778, 'm4-1': 0.911}",0.0,inf,inf,inf,163.838,163.838
1564,TT3,BESTEFFORT,CANCELLED,,158.771,"{'m1-1': 1.811, 'm2-1': 1.495, 'm3-1': 5.327, 'm4-1': 0.927}",0.0,inf,inf,inf,163.97099999999998,163.97099999999998
1565,TT4,BESTEFFORT,CANCELLED,,158.779,"{'m1-1': 2.401, 'm2-1': 1.369, 'm3-1': 4.639, 'm4-1': 0.994}",0.0,inf,inf,inf,163.779,163.779
1566,TT3,BESTEFFORT,COMPLETED,m2-1,158.955,"{'m1-1': 1.736, 'm2-1': 1.509, 'm3-1': 4.314, 'm4-1': 0.851}",4.526999999999999,161.92600000000002,163.435,inf,164.155,164.155
1567,TT3,BESTEFFORT,CANCELLED,,158.959,"{'m1-1': 1.789, 'm2-1': 1.725, 'm3-1': 5.783, 'm4-1': 0.772}",0.0,inf,inf,inf,164.159,164.159
1568,TT3,BESTEFFORT,COMPLETED,m4-1,158.994,"{'m1-1': 2.397, 'm2-1': 1.355, 'm3-1': 5.836, 'm4-1': 1.002}",1.5030000000000001,160.649,161.651,inf,164.194,164.194
1569,TT1,BESTEFFORT,CANCELLED,,159.006,"{'m1-1': 1.983, 'm2-1': 1.453, 'm3-1': 3.773, 'm4-1': 0.661}",0.0,inf,inf,inf,164.006,164.006
1570,TT2,BESTEFFORT,CANCELLED,,159.072,"{'m1-1': 2.223, 'm2-1': 1.574, 'm3-1': 4.269, 'm4-1': 0.916}",0.0,inf,inf,inf,164.172,164.172
1571,TT1,BESTEFFORT,CANCELLED,,159.085,"{'m1-1': 2.48, 'm2-1': 1.423, 'm3-1': 4.279, 'm4-1': 0.614}",0.0,inf,inf,inf,164.085,164.085
1572,TT3,BESTEFFORT,CANCELLED,m4-1,159.089,"{'m1-1': 2.369, 'm2-1': 1.548, 'm3-1': 4.356, 'm4-1': 0.762}",0.0,inf,inf,inf,164.289,164.289
1573,TT4,BESTEFFORT,CANCELLED,,159.377,"{'m1-1': 1.912, 'm2-1': 1.422, 'm3-1': 3.766, 'm4-1': 0.825}",0.0,inf,inf,inf,164.377,164.377
1574,TT2,BESTEFFORT,CANCELLED,,159.379,"{'m1-1': 2.589, 'm2-1': 1.834, 'm3-1': 4.325, 'm4-1': 0.986}",0.0,inf,inf,inf,164.47899999999998,164.47899999999998
1575,TT2,BESTEFFORT,CANCELLED,,159.412,"{'m1-1': 2.615, 'm2-1': 1.966, 'm3-1': 3.737, 'm4-1': 0.864}",0.0,inf,inf,inf,164.512,164.512
1576,TT4,BESTEFFORT,CANCELLED,,159.48,"{'m1-1': 2.432, 'm2-1': 1.363, 'm3-1': 4.377, 'm4-1': 0.861}",0.0,inf,inf,inf,164.48,164.48
1577,TT2,BESTEFFORT,CANCELLED,,159.538,"{'m1-1': 1.976, 'm2-1': 2.069, 'm3-1': 4.149, 'm4-1': 0.733}",0.0,inf,inf,inf,164.638,164.638
1578,TT1,BESTEFFORT,CANCELLED,,159.553,"{'m1-1': 1.991, 'm2-1': 1.739, 'm3-1': 3.761, 'm4-1': 0.823}",0.0,inf,inf,inf,164.553,164.553
1579,TT1,BESTEFFORT,MISSED,m3-1,159.57,"{'m1-1': 2.602, 'm2-1': 1.891, 'm3-1': 4.477, 'm4-1': 0.646}",7.442999999999984,160.435,inf,164.57,164.57,164.57
1580,TT2,BESTEFFORT,CANCELLED,,159.626,"{'m1-1': 1.984, 'm2-1': 1.715, 'm3-1': 4.235, 'm4-1': 0.725}",0.0,inf,inf,inf,164.726,164.726
1581,TT1,BESTEFFORT,CANCELLED,m4-1,159.648,"{'m1-1': 1.86, 'm2-1': 1.757, 'm3-1': 4.132, 'm4-1': 0.72}",0.0,inf,inf,inf,164.648,164.648
1582,TT2,BESTEFFORT,CANCELLED,,159.739,"{'m1-1': 2.277, 'm2-1': 1.643, 'm3-1': 3.627, 'm4-1': 0.949}",0.0,inf,inf,inf,164.839,164.839
1583,TT1,BESTEFFORT,CANCELLED,,159.761,"{'m1-1': 2.024, 'm2-1': 1.982, 'm3-1': 3.627, 'm4-1': 0.725}",0.0,inf,inf,inf,164.761,164.761
1584,TT4,BESTEFFORT,COMPLETED,m4-1,160.069,"{'m1-1': 1.955, 'm2-1': 1.609, 'm3-1': 4.199, 'm4-1': 0.86}",1.29,161.651,162.51100000000002,inf,165.069,165.069
1585,TT2,BESTEFFORT,CANCELLED,,160.17,"{'m1-1': 2.49, 'm2-1': 2.069, 'm3-1': 4.252, 'm4-1': 0.728}",0.0,inf,inf,inf,165.26999999999998,165.26999999999998
1586,TT3,BESTEFFORT,CANCELLED,,160.241,"{'m1-1': 1.993, 'm2-1': 1.451, 'm3-1': 4.987, 'm4-1': 1.002}",0.0,inf,inf,inf,165.441,165.441
1587,TT4,BESTEFFORT,CANCELLED,,160.455,"{'m1-1': 2.045, 'm2-1': 1.811, 'm3-1': 4.029, 'm4-1': 0.871}",0.0,inf,inf,inf,165.455,165.455
1588,TT1,BESTEFFORT,MISSED,m1-1,160.474,"{'m1-1': 2.258, 'm2-1': 1.649, 'm3-1': 3.937, 'm4-1': 0.613}",3.553600000000006,163.253,inf,165.474,165.474,165.474
1589,TT4,BESTEFFORT,COMPLETED,m2-1,160.559,"{'m1-1': 2.189, 'm2-1': 1.865, 'm3-1': 3.869, 'm4-1': 0.884}",5.595,163.435,165.3,inf,165.559,165.559
1590,TT3,BESTEFFORT,CANCELLED,,160.576,"{'m1-1': 2.324, 'm2-1': 1.66, 'm3-1': 4.28, 'm4-1': 0.981}",0.0,inf,inf,inf,165.77599999999998,165.77599999999998
1591,TT4,BESTEFFORT,COMPLETED,m4-1,160.584,"{'m1-1': 1.768, 'm2-1': 1.422, 'm3-1': 4.7, 'm4-1': 1.042}",1.5630000000000002,162.51100000000002,163.55300000000003,inf,165.584,165.584
1592,TT1,BESTEFFORT,COMPLETED,m4-1,160.665,"{'m1-1': 1.864, 'm2-1': 1.771, 'm3-1': 4.719, 'm4-1': 0.757}",1.1355,163.55300000000003,164.31000000000003,inf,165.665,165.665
1593,TT1,BESTEFFORT,CANCELLED,,160.695,"{'m1-1': 2.002, 'm2-1': 1.794, 'm3-1': 4.233, 'm4-1': 0.644}",0.0,inf,inf,inf,165.695,165.695
1594,TT3,BESTEFFORT,CANCELLED,,160.732,"{'m1-1': 1.96, 'm2-1': 1.693, 'm3-1': 4.839, 'm4-1': 0.93}",0.0,inf,inf,inf,165.932,165.932
1595,TT2,BESTEFFORT,CANCELLED,,160.93,"{'m1-1': 2.166, 'm2-1': 2.069, 'm3-1': 4.18, 'm4-1': 0.874}",0.0,inf,inf,inf,166.03,166.03
1596,TT1,BESTEFFORT,CANCELLED,,161.06,"{'m1-1': 2.483, 'm2-1': 1.838, 'm3-1': 3.961, 'm4-1': 0.851}",0.0,inf,inf,inf,166.06,166.06
1597,TT3,BESTEFFORT,CANCELLED,,161.134,"{'m1-1': 1.977, 'm2-1': 1.587, 'm3-1': 5.729, 'm4-1': 0.795}",0.0,inf,inf,inf,166.33399999999997,166.33399999999997
1598,TT2,BESTEFFORT,CANCELLED,,161.254,"{'m1-1': 2.383, 'm2-1': 1.581, 'm3-1': 4.051, 'm4-1': 0.852}",0.0,inf,inf,inf,166.35399999999998,166.35399999999998
1599,TT3,BESTEFFORT,CANCELLED,m4-1,161.331,"{'m1-1': 2.143, 'm2-1': 1.52, 'm3-1': 5.528, 'm4-1': 1.003}",0.0,inf,inf,inf,166.53099999999998,166.53099999999998
1600,TT2,BESTEFFORT,CANCELLED,,161.344,"{'m1-1': 2.403, 'm2-1': 1.612, 'm3-1': 5.092, 'm4-1': 0.91}",0.0,inf,inf,inf,166.444,166.444
1601,TT4,BESTEFFORT,CANCELLED,m4-1,161.728,"{'m1-1': 1.827, 'm2-1': 1.699, 'm3-1': 4.959, 'm4-1': 0.802}",0.0,inf,inf,inf,166.728,166.728
1602,TT2,BESTEFFORT,CANCELLED,,161.752,"{'m1-1': 2.488, 'm2-1': 1.912, 'm3-1': 4.989, 'm4-1': 0.949}",0.0,inf,inf,inf,166.852,166.852
1603,TT2,BESTEFFORT,MISSED,m2-1,161.861,"{'m1-1': 2.028, 'm2-1': 2.065, 'm3-1': 4.492, 'm4-1': 0.934}",4.982999999999919,165.3,inf,166.96099999999998,166.96099999999998,166.96099999999998
1604,TT2,BESTEFFORT,CANCELLED,,161.954,"{'m1-1': 2.624, 'm2-1': 1.966, 'm3-1': 4.201, 'm4-1': 0.978}",0.0,inf,inf,inf,167.054,167.054
1605,TT3,BESTEFFORT,CANCELLED,,161.996,"{'m1-1': 2.303, 'm2-1': 1.385, 'm3-1': 5.641, 'm4-1': 0.75}",0.0,inf,inf,inf,167.196,167.196
1606,TT1,BESTEFFORT,CANCELLED,,162.011,"{'m1-1': 2.126, 'm2-1': 1.451, 'm3-1': 4.542, 'm4-1': 0.738}",0.0,inf,inf,inf,167.011,167.011
1607,TT4,BESTEFFORT,CANCELLED,,162.081,"{'m1-1': 2.28, 'm2-1': 1.361, 'm3-1': 4.659, 'm4-1': 0.873}",0.0,inf,inf,inf,167.081,167.081
1608,TT1,BESTEFFORT,CANCELLED,,162.136,"{'m1-1': 1.995, 'm2-1': 1.76, 'm3-1': 5.037, 'm4-1': 0.855}",0.0,inf,inf,inf,167.136,167.136
1609,TT2,BESTEFFORT,CANCELLED,,162.194,"{'m1-1': 2.052, 'm2-1': 2.074, 'm3-1': 4.586, 'm4-1': 0.814}",0.0,inf,inf,inf,167.29399999999998,167.29399999999998
1610,TT1,BESTEFFORT,MISSED,m1-1,162.211,"{'m1-1': 1.947, 'm2-1': 1.703, 'm3-1': 3.864, 'm4-1': 0.785}",2.779200000000037,165.474,inf,167.211,167.211,167.211
1611,TT4,BESTEFFORT,CANCELLED,,162.238,"{'m1-1': 1.869, 'm2-1': 1.751, 'm3-1': 4.578, 'm4-1': 0.912}",0.0,inf,inf,inf,167.238,167.238
1612,TT4,BESTEFFORT,CANCELLED,m4-1,162.35,"{'m1-1': 1.971, 'm2-1': 1.617, 'm3-1': 4.064, 'm4-1': 0.961}",0.0,inf,inf,inf,167.35,167.35
1613,TT2,BESTEFFORT,CANCELLED,,162.882,"{'m1-1': 2.592, 'm2-1': 1.736, 'm3-1': 3.789, 'm4-1': 0.903}",0.0,inf,inf,inf,167.982,167.982
1614,TT1,BESTEFFORT,CANCELLED,,162.907,"{'m1-1': 2.384, 'm2-1': 1.566, 'm3-1': 4.688, 'm4-1': 0.621}",0.0,inf,inf,inf,167.907,167.907
1615,TT3,BESTEFFORT,CANCELLED,,162.924,"{'m1-1': 2.101, 'm2-1': 1.786, 'm3-1': 4.298, 'm4-1': 0.729}",0.0,inf,inf,inf,168.124,168.124
1616,TT1,BESTEFFORT,CANCELLED,,162.987,"{'m1-1': 2.156, 'm2-1': 1.882, 'm3-1': 4.088, 'm4-1': 0.663}",0.0,inf,inf,inf,167.987,167.987
1617,TT3,BESTEFFORT,COMPLETED,m2-1,163.249,"{'m1-1': 2.122, 'm2-1': 1.299, 'm3-1': 4.283, 'm4-1': 0.921}",3.897,166.96099999999998,168.26,inf,168.44899999999998,168.44899999999998
1618,TT4,BESTEFFORT,CANCELLED,,163.322,"{'m1-1': 1.749, 'm2-1': 1.898, 'm3-1': 4.896, 'm4-1': 0.893}",0.0,inf,inf,inf,168.322,168.322
1619,TT1,BESTEFFORT,COMPLETED,m4-1,163.476,"{'m1-1': 2.072, 'm2-1': 1.598, 'm3-1': 4.605, 'm4-1': 0.776}",1.1640000000000001,164.31000000000003,165.08600000000004,inf,168.476,168.476
1620,TT1,BESTEFFORT,COMPLETED,m3-1,163.937,"{'m1-1': 1.947, 'm2-1': 1.567, 'm3-1': 3.888, 'm4-1': 0.723}",6.9984,164.57,168.458,inf,168.937,168.937
1621,TT2,BESTEFFORT,COMPLETED,m4-1,163.96,"{'m1-1': 2.225, 'm2-1': 1.765, 'm3-1': 3.997, 'm4-1': 0.744}",1.116,165.08600000000004,165.83000000000004,inf,169.06,169.06
1622,TT1,BESTEFFORT,COMPLETED,m4-1,164.196,"{'m1-1': 1.865, 'm2-1': 1.577, 'm3-1': 4.121, 'm4-1': 0.666}",0.9990000000000001,165.83000000000004,166.49600000000004,inf,169.196,169.196
1623,TT2,BESTEFFORT,COMPLETED,m4-1,164.26,"{'m1-1': 2.269, 'm2-1': 1.966, 'm3-1': 5.069, 'm4-1': 0.762}",1.143,166.49600000000004,167.25800000000004,inf,169.35999999999999,169.35999999999999
1624,TT1,BESTEFFORT,COMPLETED,m1-1,164.368,"{'m1-1': 2.074, 'm2-1': 1.699, 'm3-1': 4.108, 'm4-1': 0.837}",3.3184,167.211,169.28500000000003,inf,169.368,169.368
1625,TT3,BESTEFFORT,MISSED,m2-1,164.549,"{'m1-1': 1.957, 'm2-1': 1.767, 'm3-1': 4.296, 'm4-1': 0.954}",4.467000000000013,168.26,inf,169.749,169.749,169.749
1626,TT2,BESTEFFORT,CANCELLED,,164.585,"{'m1-1': 1.904, 'm2-1': 1.526, 'm3-1': 4.569, 'm4-1': 0.986}",0.0,inf,inf,inf,169.685,169.685
1627,TT3,BESTEFFORT,CANCELLED,,164.608,"{'m1-1': 1.89, 'm2-1': 1.635, 'm3-1': 4.964, 'm4-1': 0.969}",0.0,inf,inf,inf,169.808,169.808
1628,TT4,BESTEFFORT,CANCELLED,,164.801,"{'m1-1': 2.441, 'm2-1': 1.523, 'm3-1': 4.606, 'm4-1': 0.963}",0.0,inf,inf,inf,169.801,169.801
1629,TT2,BESTEFFORT,CANCELLED,,164.872,"{'m1-1': 2.024, 'm2-1': 2.078, 'm3-1': 3.913, 'm4-1': 0.725}",0.0,inf,inf,inf,169.972,169.972
1630,TT4,BESTEFFORT,CANCELLED,m4-1,165.002,"{'m1-1': 2.199, 'm2-1': 1.818, 'm3-1': 4.045, 'm4-1': 0.789}",0.0,inf,inf,inf,170.002,170.002
1631,TT3,BESTEFFORT,CANCELLED,,165.01,"{'m1-1': 2.346, 'm2-1': 1.408, 'm3-1': 5.804, 'm4-1': 0.767}",0.0,inf,inf,inf,170.20999999999998,170.20999999999998
1632,TT3,BESTEFFORT,CANCELLED,,165.027,"{'m1-1': 1.947, 'm2-1': 1.561, 'm3-1': 4.702, 'm4-1': 0.767}",0.0,inf,inf,inf,170.22699999999998,170.22699999999998
1633,TT4,BESTEFFORT,CANCELLED,,165.313,"{'m1-1': 2.393, 'm2-1': 1.508, 'm3-1': 4.288, 'm4-1': 1.054}",0.0,inf,inf,inf,170.313,170.313
1634,TT1,BESTEFFORT,CANCELLED,m4-1,165.328,"{'m1-1': 2.31, 'm2-1': 1.803, 'm3-1': 4.922, 'm4-1': 0.726}",0.0,inf,inf,inf,170.328,170.328
1635,TT4,BESTEFFORT,CANCELLED,,165.334,"{'m1-1': 2.191, 'm2-1': 1.589, 'm3-1': 5.025, 'm4-1': 0.89}",0.0,inf,inf,inf,170.334,170.334
1636,TT3,BESTEFFORT,CANCELLED,,165.457,"{'m1-1': 2.289, 'm2-1': 1.272, 'm3-1': 5.959, 'm4-1': 1.011}",0.0,inf,inf,inf,170.65699999999998,170.65699999999998
1637,TT2,BESTEFFORT,COMPLETED,m4-1,165.519,"{'m1-1': 2.172, 'm2-1': 2.027, 'm3-1': 5.047, 'm4-1': 1.017}",1.5254999999999999,167.25800000000004,168.27500000000003,inf,170.619,170.619
1638,TT4,BESTEFFORT,CANCELLED,,165.954,"{'m1-1': 2.19, 'm2-1': 1.648, 'm3-1': 4.808, 'm4-1': 1.046}",0.0,inf,inf,inf,170.954,170.954
1639,TT4,BESTEFFORT,CANCELLED,,165.954,"{'m1-1': 1.937, 'm2-1': 1.568, 'm3-1': 4.063, 'm4-1': 0.792}",0.0,inf,inf,inf,170.954,170.954
1640,TT2,BESTEFFORT,CANCELLED,,166.04,"{'m1-1': 2.099, 'm2-1': 1.625, 'm3-1': 4.841, 'm4-1': 0.795}",0.0,inf,inf,inf,171.14,171.14
1641,TT2,BESTEFFORT,CANCELLED,,166.157,"{'m1-1': 2.554, 'm2-1': 1.544, 'm3-1': 4.641, 'm4-1': 0.73}",0.0,inf,inf,inf,171.257,171.257
1642,TT3,BESTEFFORT,CANCELLED,,166.19,"{'m1-1': 2.319, 'm2-1': 1.514, 'm3-1': 5.831, 'm4-1': 0.756}",0.0,inf,inf,inf,171.39,171.39
1643,TT1,BESTEFFORT,CANCELLED,m4-1,166.264,"{'m1-1': 1.863, 'm2-1': 1.863, 'm3-1': 4.723, 'm4-1': 0.707}",0.0,inf,inf,inf,171.264,171.264
1644,TT2,BESTEFFORT,CANCELLED,m4-1,166.323,"{'m1-1': 1.964, 'm2-1': 2.121, 'm3-1': 4.838, 'm4-1': 0.725}",0.0,inf,inf,inf,171.423,171.423
1645,TT4,BESTEFFORT,COMPLETED,m1-1,166.688,"{'m1-1': 1.809, 'm2-1': 1.515, 'm3-1': 3.666, 'm4-1': 0.983}",2.8944,169.28500000000003,171.09400000000002,inf,171.688,171.688
1646,TT3,BESTEFFORT,COMPLETED,m2-1,166.707,"{'m1-1': 2.02, 'm2-1': 1.416, 'm3-1': 5.528, 'm4-1': 0.914}",4.247999999999999,169.749,171.165,inf,171.90699999999998,171.90699999999998
1647,TT4,BESTEFFORT,COMPLETED,m4-1,166.708,"{'m1-1': 2.367, 'm2-1': 1.774, 'm3-1': 4.969, 'm4-1': 0.8}",1.2000000000000002,168.27500000000003,169.07500000000005,inf,171.708,171.708
1648,TT4,BESTEFFORT,CANCELLED,,166.723,"{'m1-1': 2.39, 'm2-1': 1.382, 'm3-1': 4.545, 'm4-1': 0.838}",0.0,inf,inf,inf,171.723,171.723
1649,TT4,BESTEFFORT,CANCELLED,,166.843,"{'m1-1': 1.822, 'm2-1': 1.821, 'm3-1': 4.352, 'm4-1': 1.053}",0.0,inf,inf,inf,171.843,171.843
1650,TT3,BESTEFFORT,CANCELLED,,166.86,"{'m1-1': 1.893, 'm2-1': 1.29, 'm3-1': 4.702, 'm4-1': 0.769}",0.0,inf,inf,inf,172.06,172.06
1651,TT1,BESTEFFORT,CANCELLED,,166.87,"{'m1-1': 2.522, 'm2-1': 1.856, 'm3-1': 3.824, 'm4-1': 0.717}",0.0,inf,inf,inf,171.87,171.87
1652,TT2,BESTEFFORT,CANCELLED,,167.178,"{'m1-1': 2.172, 'm2-1': 1.606, 'm3-1': 4.727, 'm4-1': 0.905}",0.0,inf,inf,inf,172.278,172.278
1653,TT4,BESTEFFORT,CANCELLED,,167.179,"{'m1-1': 1.925, 'm2-1': 1.822, 'm3-1': 4.995, 'm4-1': 1.023}",0.0,inf,inf,inf,172.179,172.179
1654,TT1,BESTEFFORT,CANCELLED,,167.188,"{'m1-1': 2.387, 'm2-1': 1.842, 'm3-1': 3.657, 'm4-1': 0.806}",0.0,inf,inf,inf,172.188,172.188
1655,TT4,BESTEFFORT,CANCELLED,,167.201,"{'m1-1': 2.061, 'm2-1': 1.42, 'm3-1': 3.943, 'm4-1': 0.979}",0.0,inf,inf,inf,172.201,172.201
1656,TT4,BESTEFFORT,MISSED,m3-1,167.217,"{'m1-1': 2.013, 'm2-1': 1.684, 'm3-1': 4.932, 'm4-1': 0.988}",6.766200000000026,168.458,inf,172.217,172.217,172.217
1657,TT1,BESTEFFORT,CANCELLED,m4-1,167.256,"{'m1-1': 1.857, 'm2-1': 1.847, 'm3-1': 4.134, 'm4-1': 0.671}",0.0,inf,inf,inf,172.256,172.256
1658,TT1,BESTEFFORT,CANCELLED,,167.484,"{'m1-1': 2.35, 'm2-1': 1.574, 'm3-1': 4.177, 'm4-1': 0.692}",0.0,inf,inf,inf,172.484,172.484
1659,TT1,BESTEFFORT,CANCELLED,,167.764,"{'m1-1': 2.055, 'm2-1': 1.73, 'm3-1': 4.011, 'm4-1': 0.768}",0.0,inf,inf,inf,172.764,172.764
1660,TT3,BESTEFFORT,COMPLETED,m2-1,167.842,"{'m1-1': 1.758, 'm2-1': 1.379, 'm3-1': 5.581, 'm4-1': 0.749}",4.1370000000000005,171.165,172.54399999999998,inf,173.042,173.042
1661,TT4,BESTEFFORT,MISSED,m1-1,168.004,"{'m1-1': 2.123, 'm2-1': 1.764, 'm3-1': 3.946, 'm4-1': 0.769}",3.0559999999999494,171.09400000000002,inf,173.004,173.004,173.004
1662,TT4,BESTEFFORT,COMPLETED,m4-1,168.278,"{'m1-1': 2.102, 'm2-1': 1.505, 'm3-1': 4.896, 'm4-1': 0.964}",1.446,169.07500000000005,170.03900000000004,inf,173.278,173.278
1663,TT4,BESTEFFORT,COMPLETED,m4-1,168.384,"{'m1-1': 1.957, 'm2-1': 1.56, 'm3-1': 5.001, 'm4-1': 0.759}",1.1385,170.03900000000004,170.79800000000003,inf,173.384,173.384
1664,TT2,BESTEFFORT,CANCELLED,,168.498,"{'m1-1': 2.368, 'm2-1': 1.713, 'm3-1': 5.001, 'm4-1': 0.763}",0.0,inf,inf,inf,173.59799999999998,173.59799999999998
1665,TT3,BESTEFFORT,CANCELLED,m4-1,168.738,"{'m1-1': 2.183, 'm2-1': 1.558, 'm3-1': 5.098, 'm4-1': 0.972}",0.0,inf,inf,inf,173.938,173.938
1666,TT2,BESTEFFORT,COMPLETED,m4-1,168.826,"{'m1-1': 1.898, 'm2-1': 1.843, 'm3-1': 4.946, 'm4-1': 0.986}",1.479,170.79800000000003,171.78400000000002,inf,173.926,173.926
1667,TT3,BESTEFFORT,CANCELLED,,168.828,"{'m1-1': 2.253, 'm2-1': 1.739, 'm3-1': 5.664, 'm4-1': 0.954}",0.0,inf,inf,inf,174.028,174.028
1668,TT1,BESTEFFORT,CANCELLED,m4-1,168.901,"{'m1-1': 2.147, 'm2-1': 1.676, 'm3-1': 3.644, 'm4-1': 0.709}",0.0,inf,inf,inf,173.901,173.901
1669,TT3,BESTEFFORT,CANCELLED,,169.198,"{'m1-1': 2.047, 'm2-1': 1.725, 'm3-1': 4.467, 'm4-1': 1.011}",0.0,inf,inf,inf,174.398,174.398
1670,TT1,BESTEFFORT,CANCELLED,,169.228,"{'m1-1': 2.279, 'm2-1': 1.793, 'm3-1': 4.542, 'm4-1': 0.752}",0.0,inf,inf,inf,174.228,174.228
1671,TT2,BESTEFFORT,COMPLETED,m4-1,169.328,"{'m1-1': 2.43, 'm2-1': 1.99, 'm3-1': 4.274, 'm4-1': 0.762}",1.143,171.78400000000002,172.54600000000002,inf,174.428,174.428
1672,TT2,BESTEFFORT,CANCELLED,,169.363,"{'m1-1': 2.491, 'm2-1': 1.538, 'm3-1': 3.904, 'm4-1': 0.913}",0.0,inf,inf,inf,174.463,174.463
1673,TT4,BESTEFFORT,MISSED,m1-1,169.701,"{'m1-1': 2.019, 'm2-1': 1.898, 'm3-1': 4.602, 'm4-1': 0.93}",2.7152000000000047,173.004,inf,174.701,174.701,174.701
1674,TT3,BESTEFFORT,CANCELLED,m4-1,169.728,"{'m1-1': 2.276, 'm2-1': 1.484, 'm3-1': 5.384, 'm4-1': 0.869}",0.0,inf,inf,inf,174.928,174.928
1675,TT1,BESTEFFORT,COMPLETED,m2-1,169.952,"{'m1-1': 2.216, 'm2-1': 1.98, 'm3-1': 4.128, 'm4-1': 0.838}",5.9399999999999995,172.54399999999998,174.52399999999997,inf,174.952,174.952
1676,TT1,BESTEFFORT,COMPLETED,m4-1,170.107,"{'m1-1': 2.498, 'm2-1': 1.709, 'm3-1': 3.711, 'm4-1': 0.797}",1.1955,172.54600000000002,173.34300000000002,inf,175.107,175.107
1677,TT3,BESTEFFORT,CANCELLED,,170.208,"{'m1-1': 2.381, 'm2-1': 1.716, 'm3-1': 5.926, 'm4-1': 0.789}",0.0,inf,inf,inf,175.408,175.408
1678,TT1,BESTEFFORT,COMPLETED,m4-1,170.516,"{'m1-1': 2.246, 'm2-1': 1.771, 'm3-1': 4.407, 'm4-1': 0.698}",1.047,173.34300000000002,174.04100000000003,inf,175.516,175.516
1679,TT1,BESTEFFORT,CANCELLED,,170.717,"{'m1-1': 2.535, 'm2-1': 1.728, 'm3-1': 3.664, 'm4-1': 0.641}",0.0,inf,inf,inf,175.717,175.717
1680,TT4,BESTEFFORT,CANCELLED,,170.834,"{'m1-1': 1.793, 'm2-1': 1.6, 'm3-1': 4.008, 'm4-1': 0.782}",0.0,inf,inf,inf,175.834,175.834
1681,TT2,BESTEFFORT,MISSED,m3-1,170.956,"{'m1-1': 2.617, 'm2-1': 1.956, 'm3-1': 4.674, 'm4-1': 0.863}",6.910199999999946,172.217,inf,176.05599999999998,176.05599999999998,176.05599999999998
1682,TT1,BESTEFFORT,MISSED,m2-1,171.064,"{'m1-1': 2.307, 'm2-1': 1.613, 'm3-1': 4.411, 'm4-1': 0.709}",4.620000000000061,174.52399999999997,inf,176.064,176.064,176.064
1683,TT1,BESTEFFORT,CANCELLED,,171.443,"{'m1-1': 2.291, 'm2-1': 1.774, 'm3-1': 4.201, 'm4-1': 0.75}",0.0,inf,inf,inf,176.443,176.443
1684,TT2,BESTEFFORT,COMPLETED,m4-1,171.631,"{'m1-1': 1.887, 'm2-1': 1.895, 'm3-1': 3.752, 'm4-1': 0.829}",1.2435,174.04100000000003,174.87000000000003,inf,176.731,176.731
1685,TT2,BESTEFFORT,MISSED,m1-1,171.7,"{'m1-1': 2.15, 'm2-1': 1.541, 'm3-1': 4.313, 'm4-1': 0.987}",3.3583999999999836,174.701,inf,176.79999999999998,176.79999999999998,176.79999999999998
1686,TT1,BESTEFFORT,CANCELLED,,171.871,"{'m1-1': 2.069, 'm2-1': 1.952, 'm3-1': 4.486, 'm4-1': 0.815}",0.0,inf,inf,inf,176.871,176.871
1687,TT1,BESTEFFORT,CANCELLED,,171.947,"{'m1-1': 2.286, 'm2-1': 1.48, 'm3-1': 4.675, 'm4-1': 0.799}",0.0,inf,inf,inf,176.947,176.947
1688,TT2,BESTEFFORT,CANCELLED,,171.993,"{'m1-1': 2.319, 'm2-1': 1.749, 'm3-1': 4.258, 'm4-1': 0.949}",0.0,inf,inf,inf,177.093,177.093
1689,TT1,BESTEFFORT,CANCELLED,,172.116,"{'m1-1': 2.474, 'm2-1': 1.485, 'm3-1': 4.327, 'm4-1': 0.718}",0.0,inf,inf,inf,177.116,177.116
1690,TT3,BESTEFFORT,CANCELLED,,172.146,"{'m1-1': 1.959, 'm2-1': 1.768, 'm3-1': 5.279, 'm4-1': 0.898}",0.0,inf,inf,inf,177.34599999999998,177.34599999999998
1691,TT3,BESTEFFORT,MISSED,m2-1,172.166,"{'m1-1': 2.435, 'm2-1': 1.724, 'm3-1': 4.727, 'm4-1': 0.941}",3.9059999999999775,176.064,inf,177.36599999999999,177.36599999999999,177.36599999999999
1692,TT3,BESTEFFORT,CANCELLED,,172.208,"{'m1-1': 1.721, 'm2-1': 1.402, 'm3-1': 4.998, 'm4-1': 0.867}",0.0,inf,inf,inf,177.408,177.408
1693,TT2,BESTEFFORT,CANCELLED,,172.338,"{'m1-1': 1.923, 'm2-1': 1.784, 'm3-1': 3.827, 'm4-1': 0.955}",0.0,inf,inf,inf,177.438,177.438
1694,TT4,BESTEFFORT,CANCELLED,,172.348,"{'m1-1': 2.118, 'm2-1': 1.584, 'm3-1': 4.968, 'm4-1': 0.973}",0.0,inf,inf,inf,177.348,177.348
1695,TT2,BESTEFFORT,COMPLETED,m4-1,172.368,"{'m1-1': 1.912, 'm2-1': 2.057, 'm3-1': 5.078, 'm4-1': 0.871}",1.3065,174.87000000000003,175.74100000000004,inf,177.468,177.468
1696,TT4,BESTEFFORT,CANCELLED,,172.541,"{'m1-1': 2.262, 'm2-1': 1.545, 'm3-1': 4.732, 'm4-1': 0.812}",0.0,inf,inf,inf,177.541,177.541
1697,TT2,BESTEFFORT,COMPLETED,m4-1,172.622,"{'m1-1': 2.436, 'm2-1': 1.881, 'm3-1': 3.964, 'm4-1': 0.783}",1.1745,175.74100000000004,176.52400000000003,inf,177.722,177.722
1698,TT3,BESTEFFORT,CANCELLED,,173.136,"{'m1-1': 1.819, 'm2-1': 1.501, 'm3-1': 5.978, 'm4-1': 0.719}",0.0,inf,inf,inf,178.33599999999998,178.33599999999998
1699,TT4,BESTEFFORT,CANCELLED,,173.354,"{'m1-1': 2.033, 'm2-1': 1.875, 'm3-1': 5.034, 'm4-1': 1.042}",0.0,inf,inf,inf,178.354,178.354
1700,TT2,BESTEFFORT,CANCELLED,,173.463,"{'m1-1': 2.552, 'm2-1': 2.099, 'm3-1': 4.793, 'm4-1': 0.898}",0.0,inf,inf,inf,178.563,178.563
1701,TT3,BESTEFFORT,COMPLETED,m2-1,173.634,"{'m1-1': 2.26, 'm2-1': 1.458, 'm3-1': 5.495, 'm4-1': 0.824}",4.374,177.36599999999999,178.82399999999998,inf,178.83399999999997,178.83399999999997
1702,TT4,BESTEFFORT,COMPLETED,m4-1,173.664,"{'m1-1': 2.077, 'm2-1': 1.836, 'm3-1': 5.054, 'm4-1': 1.027}",1.5404999999999998,176.52400000000003,177.55100000000002,inf,178.664,178.664
1703,TT4,BESTEFFORT,MISSED,m1-1,173.997,"{'m1-1': 2.198, 'm2-1': 1.841, 'm3-1': 4.15, 'm4-1': 1.0}",3.51520000000005,176.79999999999998,inf,178.997,178.997,178.997
1704,TT2,BESTEFFORT,CANCELLED,,174.133,"{'m1-1': 2.256, 'm2-1': 2.047, 'm3-1': 4.255, 'm4-1': 0.955}",0.0,inf,inf,inf,179.233,179.233
1705,TT2,BESTEFFORT,CANCELLED,,174.157,"{'m1-1': 2.016, 'm2-1': 2.087, 'm3-1': 4.868, 'm4-1': 0.808}",0.0,inf,inf,inf,179.257,179.257
1706,TT1,BESTEFFORT,CANCELLED,,174.304,"{'m1-1': 2.009, 'm2-1': 1.743, 'm3-1': 4.304, 'm4-1': 0.831}",0.0,inf,inf,inf,179.304,179.304
1707,TT4,BESTEFFORT,CANCELLED,,174.306,"{'m1-1': 1.9, 'm2-1': 1.803, 'm3-1': 4.849, 'm4-1': 1.001}",0.0,inf,inf,inf,179.306,179.306
1708,TT3,BESTEFFORT,CANCELLED,m4-1,174.788,"{'m1-1': 2.422, 'm2-1': 1.322, 'm3-1': 4.334, 'm4-1': 0.729}",0.0,inf,inf,inf,179.988,179.988
1709,TT2,BESTEFFORT,COMPLETED,m3-1,174.942,"{'m1-1': 2.339, 'm2-1': 1.656, 'm3-1': 3.77, 'm4-1': 0.829}",6.7860000000000005,176.05599999999998,179.826,inf,180.042,180.042
1710,TT1,BESTEFFORT,CANCELLED,,174.959,"{'m1-1': 2.618, 'm2-1': 1.905, 'm3-1': 5.072, 'm4-1': 0.801}",0.0,inf,inf,inf,179.959,179.959
1711,TT1,BESTEFFORT,CANCELLED,,175.034,"{'m1-1': 2.354, 'm2-1': 1.914, 'm3-1': 4.782, 'm4-1': 0.811}",0.0,inf,inf,inf,180.034,180.034
1712,TT1,BESTEFFORT,CANCELLED,,175.038,"{'m1-1': 2.044, 'm2-1': 1.41, 'm3-1': 4.44, 'm4-1': 0.65}",0.0,inf,inf,inf,180.038,180.038
1713,TT4,BESTEFFORT,COMPLETED,m4-1,175.087,"{'m1-1': 1.772, 'm2-1': 1.526, 'm3-1': 4.591, 'm4-1': 0.957}",1.4355,177.55100000000002,178.508,inf,180.087,180.087
1714,TT3,BESTEFFORT,MISSED,m1-1,175.242,"{'m1-1': 2.266, 'm2-1': 1.666, 'm3-1': 4.943, 'm4-1': 0.917}",2.311999999999944,178.997,inf,180.44199999999998,180.44199999999998,180.44199999999998
1715,TT2,BESTEFFORT,CANCELLED,,175.295,"{'m1-1': 2.276, 'm2-1': 1.603, 'm3-1': 4.673, 'm4-1': 0.746}",0.0,inf,inf,inf,180.39499999999998,180.39499999999998
1716,TT1,BESTEFFORT,COMPLETED,m2-1,175.353,"{'m1-1': 1.982, 'm2-1': 1.512, 'm3-1': 4.829, 'm4-1': 0.804}",4.536,178.82399999999998,180.33599999999998,inf,180.353,180.353
1717,TT2,BESTEFFORT,CANCELLED,m4-1,175.581,"{'m1-1': 2.499, 'm2-1': 1.599, 'm3-1': 4.943, 'm4-1': 0.732}",0.0,inf,inf,inf,180.68099999999998,180.68099999999998
1718,TT3,BESTEFFORT,CANCELLED,,175.614,"{'m1-1': 2.139, 'm2-1': 1.46, 'm3-1': 5.294, 'm4-1': 0.818}",0.0,inf,inf,inf,180.814,180.814
1719,TT4,BESTEFFORT,CANCELLED,,175.833,"{'m1-1': 1.775, 'm2-1': 1.813, 'm3-1': 4.997, 'm4-1': 1.009}",0.0,inf,inf,inf,180.833,180.833
1720,TT1,BESTEFFORT,CANCELLED,m4-1,175.889,"{'m1-1': 2.298, 'm2-1': 1.453, 'm3-1': 4.945, 'm4-1': 0.719}",0.0,inf,inf,inf,180.889,180.889
1721,TT3,BESTEFFORT,CANCELLED,,175.911,"{'m1-1': 1.997, 'm2-1': 1.681, 'm3-1': 5.961, 'm4-1': 0.759}",0.0,inf,inf,inf,181.111,181.111
1722,TT4,BESTEFFORT,CANCELLED,,176.036,"{'m1-1': 1.919, 'm2-1': 1.355, 'm3-1': 4.018, 'm4-1': 0.828}",0.0,inf,inf,inf,181.036,181.036
1723,TT2,BESTEFFORT,CANCELLED,m4-1,176.365,"{'m1-1': 2.544, 'm2-1': 1.897, 'm3-1': 4.361, 'm4-1': 0.883}",0.0,inf,inf,inf,181.465,181.465
1724,TT2,BESTEFFORT,CANCELLED,m4-1,176.437,"{'m1-1': 2.532, 'm2-1': 1.971, 'm3-1': 3.983, 'm4-1': 0.849}",0.0,inf,inf,inf,181.537,181.537
1725,TT3,BESTEFFORT,CANCELLED,,176.519,"{'m1-1': 2.031, 'm2-1': 1.393, 'm3-1': 5.777, 'm4-1': 0.88}",0.0,inf,inf,inf,181.719,181.719
1726,TT1,BESTEFFORT,CANCELLED,m4-1,176.611,"{'m1-1': 1.918, 'm2-1': 1.882, 'm3-1': 4.659, 'm4-1': 0.777}",0.0,inf,inf,inf,181.611,181.611
1727,TT2,BESTEFFORT,COMPLETED,m2-1,177.016,"{'m1-1': 2.45, 'm2-1': 1.609, 'm3-1': 4.817, 'm4-1': 0.91}",4.827,180.33599999999998,181.945,inf,182.11599999999999,182.11599999999999
1728,TT2,BESTEFFORT,CANCELLED,,177.036,"{'m1-1': 2.644, 'm2-1': 1.63, 'm3-1': 5.092, 'm4-1': 0.814}",0.0,inf,inf,inf,182.136,182.136
1729,TT4,BESTEFFORT,CANCELLED,m4-1,177.048,"{'m1-1': 2.083, 'm2-1': 1.784, 'm3-1': 4.662, 'm4-1': 1.005}",0.0,inf,inf,inf,182.048,182.048
1730,TT4,BESTEFFORT,CANCELLED,,177.057,"{'m1-1': 1.955, 'm2-1': 1.654, 'm3-1': 4.804, 'm4-1': 1.04}",0.0,inf,inf,inf,182.057,182.057
1731,TT2,BESTEFFORT,CANCELLED,,177.148,"{'m1-1': 1.88, 'm2-1': 1.831, 'm3-1': 3.854, 'm4-1': 0.907}",0.0,inf,inf,inf,182.248,182.248
1732,TT2,BESTEFFORT,CANCELLED,m4-1,177.245,"{'m1-1': 1.866, 'm2-1': 2.034, 'm3-1': 4.962, 'm4-1': 1.002}",0.0,inf,inf,inf,182.345,182.345
1733,TT2,BESTEFFORT,CANCELLED,,177.257,"{'m1-1': 2.466, 'm2-1': 1.883, 'm3-1': 3.763, 'm4-1': 0.815}",0.0,inf,inf,inf,182.357,182.357
1734,TT2,BESTEFFORT,CANCELLED,,177.333,"{'m1-1': 1.937, 'm2-1': 1.889, 'm3-1': 3.744, 'm4-1': 0.946}",0.0,inf,inf,inf,182.433,182.433
1735,TT1,BESTEFFORT,COMPLETED,m4-1,177.377,"{'m1-1': 1.878, 'm2-1': 1.977, 'm3-1': 4.658, 'm4-1': 0.854}",1.281,178.508,179.36200000000002,inf,182.377,182.377
1736,TT1,BESTEFFORT,COMPLETED,m1-1,177.726,"{'m1-1': 1.954, 'm2-1': 1.485, 'm3-1': 4.277, 'm4-1': 0.631}",3.1264000000000003,180.44199999999998,182.396,inf,182.726,182.726
1737,TT3,BESTEFFORT,CANCELLED,,177.836,"{'m1-1': 2.303, 'm2-1': 1.588, 'm3-1': 5.648, 'm4-1': 0.908}",0.0,inf,inf,inf,183.036,183.036
1738,TT3,BESTEFFORT,CANCELLED,,177.878,"{'m1-1': 2.118, 'm2-1': 1.378, 'm3-1': 4.862, 'm4-1': 0.87}",0.0,inf,inf,inf,183.07799999999997,183.07799999999997
1739,TT1,BESTEFFORT,COMPLETED,m4-1,177.905,"{'m1-1': 2.389, 'm2-1': 1.817, 'm3-1': 3.626, 'm4-1': 0.841}",1.2614999999999998,179.36200000000002,180.20300000000003,inf,182.905,182.905
1740,TT4,BESTEFFORT,CANCELLED,m4-1,177.94,"{'m1-1': 2.119, 'm2-1': 1.423, 'm3-1': 4.959, 'm4-1': 0.877}",0.0,inf,inf,inf,182.94,182.94
1741,TT1,BESTEFFORT,COMPLETED,m4-1,178.015,"{'m1-1': 2.521, 'm2-1': 1.656, 'm3-1': 4.325, 'm4-1': 0.669}",1.0035,180.20300000000003,180.87200000000004,inf,183.015,183.015
1742,TT2,BESTEFFORT,COMPLETED,m4-1,178.141,"{'m1-1': 2.348, 'm2-1': 1.949, 'm3-1': 3.793, 'm4-1': 0.821}",1.2315,180.87200000000004,181.69300000000004,inf,183.24099999999999,183.24099999999999
1743,TT4,BESTEFFORT,CANCELLED,,178.183,"{'m1-1': 2.063, 'm2-1': 1.505, 'm3-1': 4.604, 'm4-1': 0.8}",0.0,inf,inf,inf,183.183,183.183
1744,TT3,BESTEFFORT,COMPLETED,m2-1,178.468,"{'m1-1': 2.317, 'm2-1': 1.709, 'm3-1': 5.804, 'm4-1': 0.978}",5.127000000000001,181.945,183.654,inf,183.66799999999998,183.66799999999998
1745,TT3,BESTEFFORT,CANCELLED,m4-1,178.62,"{'m1-1': 1.91, 'm2-1': 1.316, 'm3-1': 5.972, 'm4-1': 0.911}",0.0,inf,inf,inf,183.82,183.82
1746,TT3,BESTEFFORT,CANCELLED,,178.629,"{'m1-1': 2.215, 'm2-1': 1.7, 'm3-1': 5.206, 'm4-1': 0.878}",0.0,inf,inf,inf,183.82899999999998,183.82899999999998
1747,TT1,BESTEFFORT,COMPLETED,m3-1,178.733,"{'m1-1': 2.428, 'm2-1': 1.927, 'm3-1': 3.893, 'm4-1': 0.838}",7.0074,179.826,183.719,inf,183.733,183.733
1748,TT3,BESTEFFORT,CANCELLED,,178.9,"{'m1-1': 2.14, 'm2-1': 1.283, 'm3-1': 5.581, 'm4-1': 0.768}",0.0,inf,inf,inf,184.1,184.1
1749,TT2,BESTEFFORT,CANCELLED,,178.955,"{'m1-1': 2.068, 'm2-1': 1.936, 'm3-1': 4.297, 'm4-1': 0.846}",0.0,inf,inf,inf,184.055,184.055
1750,TT4,BESTEFFORT,CANCELLED,,179.03,"{'m1-1': 2.012, 'm2-1': 1.478, 'm3-1': 4.348, 'm4-1': 1.064}",0.0,inf,inf,inf,184.03,184.03
1751,TT2,BESTEFFORT,CANCELLED,,179.063,"{'m1-1': 2.617, 'm2-1': 1.935, 'm3-1': 4.975, 'm4-1': 0.83}",0.0,inf,inf,inf,184.16299999999998,184.16299999999998
1752,TT1,BESTEFFORT,CANCELLED,,179.092,"{'m1-1': 2.131, 'm2-1': 1.475, 'm3-1': 4.455, 'm4-1': 0.76}",0.0,inf,inf,inf,184.092,184.092
1753,TT4,BESTEFFORT,CANCELLED,,179.106,"{'m1-1': 1.902, 'm2-1': 1.812, 'm3-1': 5.062, 'm4-1': 0.793}",0.0,inf,inf,inf,184.106,184.106
1754,TT3,BESTEFFORT,CANCELLED,,179.126,"{'m1-1': 2.336, 'm2-1': 1.537, 'm3-1': 4.72, 'm4-1': 0.816}",0.0,inf,inf,inf,184.326,184.326
1755,TT3,BESTEFFORT,CANCELLED,,179.135,"{'m1-1': 2.057, 'm2-1': 1.528, 'm3-1': 4.916, 'm4-1': 0.802}",0.0,inf,inf,inf,184.33499999999998,184.33499999999998
1756,TT1,BESTEFFORT,CANCELLED,m4-1,179.246,"{'m1-1': 2.526, 'm2-1': 1.542, 'm3-1': 4.357, 'm4-1': 0.715}",0.0,inf,inf,inf,184.246,184.246
1757,TT4,BESTEFFORT,CANCELLED,,179.259,"{'m1-1': 2.336, 'm2-1': 1.42, 'm3-1': 4.285, 'm4-1': 1.036}",0.0,inf,inf,inf,184.259,184.259
1758,TT2,BESTEFFORT,CANCELLED,,179.293,"{'m1-1': 1.97, 'm2-1': 2.122, 'm3-1': 4.841, 'm4-1': 0.947}",0.0,inf,inf,inf,184.393,184.393
1759,TT2,BESTEFFORT,COMPLETED,m1-1,179.744,"{'m1-1': 2.438, 'm2-1': 1.917, 'm3-1': 4.408, 'm4-1': 0.969}",3.9008000000000003,182.396,184.83399999999997,inf,184.844,184.844
1760,TT1,BESTEFFORT,CANCELLED,m4-1,179.892,"{'m1-1': 2.509, 'm2-1': 1.959, 'm3-1': 4.196, 'm4-1': 0.686}",0.0,inf,inf,inf,184.892,184.892
1761,TT2,BESTEFFORT,COMPLETED,m4-1,180.198,"{'m1-1': 2.296, 'm2-1': 2.044, 'm3-1': 4.99, 'm4-1': 0.822}",1.2329999999999999,181.69300000000004,182.51500000000004,inf,185.298,185.298
1762,TT1,BESTEFFORT,CANCELLED,m4-1,180.223,"{'m1-1': 2.433, 'm2-1': 1.653, 'm3-1': 4.386, 'm4-1': 0.638}",0.0,inf,inf,inf,185.223,185.223
1763,TT3,BESTEFFORT,COMPLETED,m2-1,180.41,"{'m1-1': 2.044, 'm2-1': 1.61, 'm3-1': 4.948, 'm4-1': 0.888}",4.83,183.654,185.264,inf,185.60999999999999,185.60999999999999
1764,TT1,BESTEFFORT,CANCELLED,,180.419,"{'m1-1': 2.226, 'm2-1': 1.423, 'm3-1': 4.965, 'm4-1': 0.753}",0.0,inf,inf,inf,185.419,185.419
1765,TT1,BESTEFFORT,CANCELLED,,180.45,"{'m1-1': 2.133, 'm2-1': 1.819, 'm3-1': 3.724, 'm4-1': 0.857}",0.0,inf,inf,inf,185.45,185.45
1766,TT1,BESTEFFORT,CANCELLED,,180.564,"{'m1-1': 2.434, 'm2-1': 1.853, 'm3-1': 3.633, 'm4-1': 0.686}",0.0,inf,inf,inf,185.564,185.564
1767,TT3,BESTEFFORT,COMPLETED,m4-1,180.85,"{'m1-1': 1.829, 'm2-1': 1.471, 'm3-1': 5.93, 'm4-1': 0.856}",1.284,182.51500000000004,183.37100000000004,inf,186.04999999999998,186.04999999999998
1768,TT1,BESTEFFORT,CANCELLED,m4-1,180.865,"{'m1-1': 2.363, 'm2-1': 1.794, 'm3-1': 4.177, 'm4-1': 0.765}",0.0,inf,inf,inf,185.865,185.865
1769,TT3,BESTEFFORT,COMPLETED,m4-1,181.114,"{'m1-1': 1.857, 'm2-1': 1.308, 'm3-1': 5.705, 'm4-1': 0.862}",1.293,183.37100000000004,184.23300000000003,inf,186.314,186.314
1770,TT1,BESTEFFORT,CANCELLED,,181.114,"{'m1-1': 2.561, 'm2-1': 1.866, 'm3-1': 4.345, 'm4-1': 0.837}",0.0,inf,inf,inf,186.114,186.114
1771,TT3,BESTEFFORT,CANCELLED,,181.211,"{'m1-1': 2.369, 'm2-1': 1.587, 'm3-1': 5.018, 'm4-1': 0.74}",0.0,inf,inf,inf,186.411,186.411
1772,TT2,BESTEFFORT,CANCELLED,,181.426,"{'m1-1': 2.582, 'm2-1': 1.989, 'm3-1': 4.727, 'm4-1': 1.001}",0.0,inf,inf,inf,186.52599999999998,186.52599999999998
1773,TT3,BESTEFFORT,MISSED,m1-1,181.495,"{'m1-1': 2.161, 'm2-1': 1.539, 'm3-1': 4.783, 'm4-1': 0.863}",2.9776000000000296,184.83399999999997,inf,186.695,186.695,186.695
1774,TT1,BESTEFFORT,CANCELLED,,181.533,"{'m1-1': 1.972, 'm2-1': 1.961, 'm3-1': 4.454, 'm4-1': 0.635}",0.0,inf,inf,inf,186.533,186.533
1775,TT4,BESTEFFORT,COMPLETED,m4-1,181.566,"{'m1-1': 2.093, 'm2-1': 1.648, 'm3-1': 3.985, 'm4-1': 0.982}",1.4729999999999999,184.23300000000003,185.21500000000003,inf,186.566,186.566
1776,TT1,BESTEFFORT,CANCELLED,,181.707,"{'m1-1': 2.358, 'm2-1': 1.684, 'm3-1': 3.657, 'm4-1': 0.801}",0.0,inf,inf,inf,186.707,186.707
1777,TT4,BESTEFFORT,MISSED,m2-1,181.797,"{'m1-1': 2.419, 'm2-1': 1.574, 'm3-1': 4.945, 'm4-1': 0.767}",4.598999999999961,185.264,inf,186.797,186.797,186.797
1778,TT3,BESTEFFORT,CANCELLED,,181.9,"{'m1-1': 2.143, 'm2-1': 1.684, 'm3-1': 4.359, 'm4-1': 0.909}",0.0,inf,inf,inf,187.1,187.1
1779,TT2,BESTEFFORT,CANCELLED,,182.006,"{'m1-1': 1.889, 'm2-1': 2.047, 'm3-1': 3.75, 'm4-1': 0.97}",0.0,inf,inf,inf,187.106,187.106
1780,TT1,BESTEFFORT,CANCELLED,,182.135,"{'m1-1': 2.477, 'm2-1': 1.868, 'm3-1': 4.412, 'm4-1': 0.695}",0.0,inf,inf,inf,187.135,187.135
1781,TT4,BESTEFFORT,CANCELLED,,182.15,"{'m1-1': 2.314, 'm2-1': 1.498, 'm3-1': 4.011, 'm4-1': 0.762}",0.0,inf,inf,inf,187.15,187.15
1782,TT2,BESTEFFORT,CANCELLED,,182.269,"{'m1-1': 2.378, 'm2-1': 1.706, 'm3-1': 4.893, 'm4-1': 1.006}",0.0,inf,inf,inf,187.369,187.369
1783,TT3,BESTEFFORT,CANCELLED,,182.286,"{'m1-1': 1.926, 'm2-1': 1.732, 'm3-1': 5.356, 'm4-1': 0.985}",0.0,inf,inf,inf,187.486,187.486
1784,TT2,BESTEFFORT,CANCELLED,m4-1,182.396,"{'m1-1': 1.914, 'm2-1': 1.974, 'm3-1': 5.053, 'm4-1': 0.912}",0.0,inf,inf,inf,187.49599999999998,187.49599999999998
1785,TT2,BESTEFFORT,CANCELLED,,182.498,"{'m1-1': 2.304, 'm2-1': 1.907, 'm3-1': 4.233, 'm4-1': 0.867}",0.0,inf,inf,inf,187.59799999999998,187.59799999999998
1786,TT3,BESTEFFORT,MISSED,m3-1,182.812,"{'m1-1': 1.878, 'm2-1': 1.566, 'm3-1': 4.314, 'm4-1': 0.805}",7.727400000000012,183.719,inf,188.012,188.012,188.012
1787,TT2,BESTEFFORT,CANCELLED,,183.068,"{'m1-1': 2.554, 'm2-1': 1.967, 'm3-1': 4.739, 'm4-1': 0.885}",0.0,inf,inf,inf,188.168,188.168
1788,TT2,BESTEFFORT,CANCELLED,m4-1,183.094,"{'m1-1': 2.027, 'm2-1': 1.935, 'm3-1': 3.734, 'm4-1': 0.913}",0.0,inf,inf,inf,188.194,188.194
1789,TT3,BESTEFFORT,MISSED,m1-1,183.353,"{'m1-1': 2.218, 'm2-1': 1.47, 'm3-1': 4.982, 'm4-1': 0.812}",2.9728000000000065,186.695,inf,188.553,188.553,188.553
1790,TT1,BESTEFFORT,COMPLETED,m2-1,183.473,"{'m1-1': 2.456, 'm2-1': 1.521, 'm3-1': 4.666, 'm4-1': 0.839}",4.563,186.797,188.31799999999998,inf,188.473,188.473
1791,TT3,BESTEFFORT,COMPLETED,m4-1,183.515,"{'m1-1': 1.96, 'm2-1': 1.432, 'm3-1': 5.831, 'm4-1': 0.923}",1.3845,185.21500000000003,186.13800000000003,inf,188.71499999999997,188.71499999999997
1792,TT3,BESTEFFORT,CANCELLED,m4-1,183.573,"{'m1-1': 2.383, 'm2-1': 1.432, 'm3-1': 5.528, 'm4-1': 0.815}",0.0,inf,inf,inf,188.773,188.773
1793,TT2,BESTEFFORT,CANCELLED,,183.673,"{'m1-1': 2.135, 'm2-1': 2.034, 'm3-1': 4.559, 'm4-1': 0.786}",0.0,inf,inf,inf,188.773,188.773
1794,TT2,BESTEFFORT,CANCELLED,,183.831,"{'m1-1': 2.181, 'm2-1': 2.079, 'm3-1': 3.785, 'm4-1': 0.722}",0.0,inf,inf,inf,188.93099999999998,188.93099999999998
1795,TT2,BESTEFFORT,CANCELLED,,184.02,"{'m1-1': 2.409, 'm2-1': 1.909, 'm3-1': 3.966, 'm4-1': 0.82}",0.0,inf,inf,inf,189.12,189.12
1796,TT1,BESTEFFORT,CANCELLED,m4-1,184.15,"{'m1-1': 1.917, 'm2-1': 1.524, 'm3-1': 5.014, 'm4-1': 0.806}",0.0,inf,inf,inf,189.15,189.15
1797,TT1,BESTEFFORT,CANCELLED,,184.202,"{'m1-1': 2.507, 'm2-1': 1.743, 'm3-1': 3.696, 'm4-1': 0.801}",0.0,inf,inf,inf,189.202,189.202
1798,TT4,BESTEFFORT,COMPLETED,m4-1,184.214,"{'m1-1': 2.158, 'm2-1': 1.753, 'm3-1': 3.987, 'm4-1': 1.022}",1.533,186.13800000000003,187.16000000000003,inf,189.214,189.214
1799,TT1,BESTEFFORT,CANCELLED,,184.331,"{'m1-1': 2.465, 'm2-1': 1.901, 'm3-1': 4.176, 'm4-1': 0.765}",0.0,inf,inf,inf,189.331,189.331
1800,TT1,BESTEFFORT,CANCELLED,,184.568,"{'m1-1': 2.429, 'm2-1': 1.856, 'm3-1': 3.964, 'm4-1': 0.852}",0.0,inf,inf,inf,189.568,189.568
1801,TT3,BESTEFFORT,COMPLETED,m2-1,184.76,"{'m1-1': 2.163, 'm2-1': 1.415, 'm3-1': 4.235, 'm4-1': 0.955}",4.245,188.31799999999998,189.73299999999998,inf,189.95999999999998,189.95999999999998
1802,TT3,BESTEFFORT,CANCELLED,,184.803,"{'m1-1': 2.22, 'm2-1': 1.611, 'm3-1': 5.203, 'm4-1': 0.918}",0.0,inf,inf,inf,190.003,190.003
1803,TT3,BESTEFFORT,CANCELLED,,184.933,"{'m1-1': 1.936, 'm2-1': 1.33, 'm3-1': 4.744, 'm4-1': 0.744}",0.0,inf,inf,inf,190.13299999999998,190.13299999999998
1804,TT1,BESTEFFORT,CANCELLED,,184.964,"{'m1-1': 2.22, 'm2-1': 1.515, 'm3-1': 3.761, 'm4-1': 0.647}",0.0,inf,inf,inf,189.964,189.964
1805,TT2,BESTEFFORT,CANCELLED,,185.137,"{'m1-1': 2.361, 'm2-1': 1.844, 'm3-1': 3.637, 'm4-1': 0.77}",0.0,inf,inf,inf,190.237,190.237
1806,TT3,BESTEFFORT,CANCELLED,m4-1,185.198,"{'m1-1': 2.084, 'm2-1': 1.298, 'm3-1': 5.976, 'm4-1': 0.75}",0.0,inf,inf,inf,190.398,190.398
1807,TT2,BESTEFFORT,CANCELLED,,185.28,"{'m1-1': 2.564, 'm2-1': 1.532, 'm3-1': 4.848, 'm4-1': 0.904}",0.0,inf,inf,inf,190.38,190.38
1808,TT2,BESTEFFORT,CANCELLED,,185.441,"{'m1-1': 2.624, 'm2-1': 1.588, 'm3-1': 3.626, 'm4-1': 0.88}",0.0,inf,inf,inf,190.541,190.541
1809,TT3,BESTEFFORT,COMPLETED,m1-1,185.555,"{'m1-1': 1.83, 'm2-1': 1.351, 'm3-1': 4.448, 'm4-1': 0.932}",2.9280000000000004,188.553,190.383,inf,190.755,190.755
1810,TT4,BESTEFFORT,COMPLETED,m4-1,185.693,"{'m1-1': 1.748, 'm2-1': 1.416, 'm3-1': 4.258, 'm4-1': 0.881}",1.3215,187.16000000000003,188.04100000000003,inf,190.693,190.693
1811,TT2,BESTEFFORT,CANCELLED,,185.823,"{'m1-1': 2.118, 'm2-1': 1.526, 'm3-1': 4.498, 'm4-1': 0.899}",0.0,inf,inf,inf,190.923,190.923
1812,TT4,BESTEFFORT,COMPLETED,m4-1,185.86,"{'m1-1': 2.385, 'm2-1': 1.489, 'm3-1': 4.96, 'm4-1': 0.78}",1.17,188.04100000000003,188.82100000000003,inf,190.86,190.86
1813,TT4,BESTEFFORT,CANCELLED,,185.93,"{'m1-1': 1.975, 'm2-1': 1.61, 'm3-1': 4.54, 'm4-1': 1.0}",0.0,inf,inf,inf,190.93,190.93
1814,TT2,BESTEFFORT,CANCELLED,,185.938,"{'m1-1': 1.943, 'm2-1': 1.609, 'm3-1': 3.667, 'm4-1': 0.934}",0.0,inf,inf,inf,191.03799999999998,191.03799999999998
1815,TT2,BESTEFFORT,CANCELLED,m4-1,186.113,"{'m1-1': 2.0, 'm2-1': 1.762, 'm3-1': 3.725, 'm4-1': 0.984}",0.0,inf,inf,inf,191.213,191.213
1816,TT1,BESTEFFORT,CANCELLED,,186.121,"{'m1-1': 2.467, 'm2-1': 1.586, 'm3-1': 4.121, 'm4-1': 0.686}",0.0,inf,inf,inf,191.121,191.121
1817,TT4,BESTEFFORT,CANCELLED,,186.215,"{'m1-1': 1.949, 'm2-1': 1.636, 'm3-1': 3.848, 'm4-1': 1.042}",0.0,inf,inf,inf,191.215,191.215
1818,TT4,BESTEFFORT,CANCELLED,,186.284,"{'m1-1': 2.063, 'm2-1': 1.386, 'm3-1': 4.966, 'm4-1': 0.811}",0.0,inf,inf,inf,191.284,191.284
1819,TT4,BESTEFFORT,COMPLETED,m2-1,186.285,"{'m1-1': 1.79, 'm2-1': 1.379, 'm3-1': 4.735, 'm4-1': 1.007}",4.1370000000000005,189.73299999999998,191.11199999999997,inf,191.285,191.285
1820,TT3,BESTEFFORT,CANCELLED,,186.538,"{'m1-1': 1.951, 'm2-1': 1.351, 'm3-1': 4.359, 'm4-1': 0.762}",0.0,inf,inf,inf,191.738,191.738
1821,TT3,BESTEFFORT,CANCELLED,,186.548,"{'m1-1': 1.89, 'm2-1': 1.509, 'm3-1': 5.689, 'm4-1': 0.839}",0.0,inf,inf,inf,191.748,191.748
1822,TT1,BESTEFFORT,CANCELLED,,186.574,"{'m1-1': 2.167, 'm2-1': 1.858, 'm3-1': 4.723, 'm4-1': 0.69}",0.0,inf,inf,inf,191.574,191.574
1823,TT1,BESTEFFORT,CANCELLED,,186.76,"{'m1-1': 2.095, 'm2-1': 1.926, 'm3-1': 4.28, 'm4-1': 0.726}",0.0,inf,inf,inf,191.76,191.76
1824,TT3,BESTEFFORT,CANCELLED,m4-1,186.922,"{'m1-1': 1.842, 'm2-1': 1.523, 'm3-1': 4.942, 'm4-1': 0.981}",0.0,inf,inf,inf,192.12199999999999,192.12199999999999
1825,TT4,BESTEFFORT,CANCELLED,m4-1,187.028,"{'m1-1': 2.09, 'm2-1': 1.599, 'm3-1': 3.816, 'm4-1': 0.824}",0.0,inf,inf,inf,192.028,192.028
1826,TT2,BESTEFFORT,COMPLETED,m4-1,187.167,"{'m1-1': 2.127, 'm2-1': 1.651, 'm3-1': 4.031, 'm4-1': 0.732}",1.0979999999999999,188.82100000000003,189.55300000000003,inf,192.267,192.267
1827,TT3,BESTEFFORT,COMPLETED,m1-1,187.173,"{'m1-1': 1.863, 'm2-1': 1.456, 'm3-1': 5.972, 'm4-1': 0.833}",2.9808000000000003,190.383,192.246,inf,192.373,192.373
1828,TT1,BESTEFFORT,CANCELLED,,187.323,"{'m1-1': 2.011, 'm2-1': 1.917, 'm3-1': 3.912, 'm4-1': 0.802}",0.0,inf,inf,inf,192.323,192.323
1829,TT1,BESTEFFORT,COMPLETED,m3-1,187.381,"{'m1-1': 2.408, 'm2-1': 1.482, 'm3-1': 3.615, 'm4-1': 0.789}",6.507000000000001,188.012,191.627,inf,192.381,192.381
1830,TT1,BESTEFFORT,CANCELLED,,187.395,"{'m1-1': 2.254, 'm2-1': 1.765, 'm3-1': 4.661, 'm4-1': 0.83}",0.0,inf,inf,inf,192.395,192.395
1831,TT3,BESTEFFORT,CANCELLED,,187.403,"{'m1-1': 1.9, 'm2-1': 1.492, 'm3-1': 4.507, 'm4-1': 0.888}",0.0,inf,inf,inf,192.60299999999998,192.60299999999998
1832,TT2,BESTEFFORT,CANCELLED,,187.628,"{'m1-1': 2.016, 'm2-1': 1.567, 'm3-1': 4.894, 'm4-1': 0.867}",0.0,inf,inf,inf,192.72799999999998,192.72799999999998
1833,TT3,BESTEFFORT,COMPLETED,m2-1,187.965,"{'m1-1': 2.03, 'm2-1': 1.347, 'm3-1': 4.229, 'm4-1': 0.874}",4.041,191.11199999999997,192.45899999999997,inf,193.165,193.165
1834,TT3,BESTEFFORT,CANCELLED,m4-1,188.016,"{'m1-1': 2.17, 'm2-1': 1.385, 'm3-1': 4.614, 'm4-1': 0.914}",0.0,inf,inf,inf,193.21599999999998,193.21599999999998
1835,TT4,BESTEFFORT,CANCELLED,m4-1,188.028,"{'m1-1': 1.736, 'm2-1': 1.875, 'm3-1': 5.049, 'm4-1': 0.769}",0.0,inf,inf,inf,193.028,193.028
1836,TT4,BESTEFFORT,CANCELLED,,188.09,"{'m1-1': 2.421, 'm2-1': 1.397, 'm3-1': 4.66, 'm4-1': 0.793}",0.0,inf,inf,inf,193.09,193.09
1837,TT3,BESTEFFORT,CANCELLED,,188.129,"{'m1-1': 2.161, 'm2-1': 1.561, 'm3-1': 4.578, 'm4-1': 0.965}",0.0,inf,inf,inf,193.32899999999998,193.32899999999998
1838,TT3,BESTEFFORT,CANCELLED,,188.151,"{'m1-1': 2.248, 'm2-1': 1.741, 'm3-1': 5.936, 'm4-1': 0.802}",0.0,inf,inf,inf,193.351,193.351
1839,TT2,BESTEFFORT,COMPLETED,m4-1,188.211,"{'m1-1': 2.187, 'm2-1': 1.999, 'm3-1': 4.311, 'm4-1': 0.727}",1.0905,189.55300000000003,190.28000000000003,inf,193.311,193.311
1840,TT3,BESTEFFORT,CANCELLED,m4-1,188.297,"{'m1-1': 2.358, 'm2-1': 1.266, 'm3-1': 4.752, 'm4-1': 0.884}",0.0,inf,inf,inf,193.49699999999999,193.49699999999999
1841,TT3,BESTEFFORT,CANCELLED,,188.301,"{'m1-1': 1.999, 'm2-1': 1.515, 'm3-1': 4.565, 'm4-1': 0.874}",0.0,inf,inf,inf,193.50099999999998,193.50099999999998
1842,TT1,BESTEFFORT,CANCELLED,,188.531,"{'m1-1': 2.379, 'm2-1': 1.459, 'm3-1': 4.146, 'm4-1': 0.684}",0.0,inf,inf,inf,193.531,193.531
1843,TT2,BESTEFFORT,CANCELLED,,188.563,"{'m1-1': 2.624, 'm2-1': 2.127, 'm3-1': 5.074, 'm4-1': 0.833}",0.0,inf,inf,inf,193.66299999999998,193.66299999999998
1844,TT1,BESTEFFORT,CANCELLED,m4-1,188.623,"{'m1-1': 2.118, 'm2-1': 1.615, 'm3-1': 4.86, 'm4-1': 0.786}",0.0,inf,inf,inf,193.623,193.623
1845,TT2,BESTEFFORT,COMPLETED,m4-1,188.782,"{'m1-1': 2.048, 'm2-1': 1.752, 'm3-1': 4.623, 'm4-1': 0.724}",1.0859999999999999,190.28000000000003,191.00400000000002,inf,193.882,193.882
1846,TT4,BESTEFFORT,CANCELLED,,188.929,"{'m1-1': 2.336, 'm2-1': 1.738, 'm3-1': 4.965, 'm4-1': 0.826}",0.0,inf,inf,inf,193.929,193.929
1847,TT3,BESTEFFORT,COMPLETED,m2-1,189.057,"{'m1-1': 1.731, 'm2-1': 1.433, 'm3-1': 4.702, 'm4-1': 0.766}",4.299,192.45899999999997,193.89199999999997,inf,194.25699999999998,194.25699999999998
1848,TT1,BESTEFFORT,MISSED,m1-1,189.085,"{'m1-1': 2.453, 'm2-1': 1.682, 'm3-1': 3.982, 'm4-1': 0.71}",2.942399999999998,192.246,inf,194.085,194.085,194.085
1849,TT3,BESTEFFORT,CANCELLED,,189.125,"{'m1-1': 2.245, 'm2-1': 1.734, 'm3-1': 5.896, 'm4-1': 0.973}",0.0,inf,inf,inf,194.325,194.325
1850,TT2,BESTEFFORT,CANCELLED,,189.126,"{'m1-1': 2.569, 'm2-1': 1.806, 'm3-1': 4.152, 'm4-1': 0.845}",0.0,inf,inf,inf,194.226,194.226
1851,TT4,BESTEFFORT,CANCELLED,,189.14,"{'m1-1': 1.95, 'm2-1': 1.776, 'm3-1': 3.846, 'm4-1': 0.983}",0.0,inf,inf,inf,194.14,194.14
1852,TT2,BESTEFFORT,CANCELLED,,189.156,"{'m1-1': 2.632, 'm2-1': 1.794, 'm3-1': 4.543, 'm4-1': 0.78}",0.0,inf,inf,inf,194.256,194.256
1853,TT1,BESTEFFORT,CANCELLED,,189.265,"{'m1-1': 2.257, 'm2-1': 1.827, 'm3-1': 4.986, 'm4-1': 0.745}",0.0,inf,inf,inf,194.265,194.265
1854,TT3,BESTEFFORT,CANCELLED,,189.521,"{'m1-1': 2.202, 'm2-1': 1.6, 'm3-1': 5.972, 'm4-1': 0.849}",0.0,inf,inf,inf,194.72099999999998,194.72099999999998
1855,TT2,BESTEFFORT,COMPLETED,m4-1,189.521,"{'m1-1': 2.643, 'm2-1': 1.904, 'm3-1': 4.999, 'm4-1': 0.747}",1.1205,191.00400000000002,191.75100000000003,inf,194.62099999999998,194.62099999999998
1856,TT4,BESTEFFORT,CANCELLED,,189.529,"{'m1-1': 2.01, 'm2-1': 1.737, 'm3-1': 4.03, 'm4-1': 0.824}",0.0,inf,inf,inf,194.529,194.529
1857,TT2,BESTEFFORT,CANCELLED,m4-1,189.535,"{'m1-1': 2.361, 'm2-1': 1.661, 'm3-1': 3.886, 'm4-1': 0.746}",0.0,inf,inf,inf,194.635,194.635
1858,TT4,BESTEFFORT,CANCELLED,,189.64,"{'m1-1': 1.796, 'm2-1': 1.529, 'm3-1': 4.914, 'm4-1': 0.999}",0.0,inf,inf,inf,194.64,194.64
1859,TT3,BESTEFFORT,CANCELLED,m4-1,189.673,"{'m1-1': 2.318, 'm2-1': 1.272, 'm3-1': 5.788, 'm4-1': 0.977}",0.0,inf,inf,inf,194.873,194.873
1860,TT1,BESTEFFORT,CANCELLED,,189.749,"{'m1-1': 2.52, 'm2-1': 1.462, 'm3-1': 4.77, 'm4-1': 0.695}",0.0,inf,inf,inf,194.749,194.749
1861,TT4,BESTEFFORT,CANCELLED,,189.762,"{'m1-1': 1.731, 'm2-1': 1.897, 'm3-1': 4.044, 'm4-1': 1.025}",0.0,inf,inf,inf,194.762,194.762
1862,TT2,BESTEFFORT,CANCELLED,,189.819,"{'m1-1': 2.007, 'm2-1': 1.676, 'm3-1': 4.736, 'm4-1': 0.807}",0.0,inf,inf,inf,194.91899999999998,194.91899999999998
1863,TT1,BESTEFFORT,CANCELLED,,189.852,"{'m1-1': 2.07, 'm2-1': 1.631, 'm3-1': 4.508, 'm4-1': 0.704}",0.0,inf,inf,inf,194.852,194.852
1864,TT4,BESTEFFORT,CANCELLED,,189.859,"{'m1-1': 2.294, 'm2-1': 1.646, 'm3-1': 4.659, 'm4-1': 0.876}",0.0,inf,inf,inf,194.859,194.859
1865,TT3,BESTEFFORT,CANCELLED,m4-1,190.043,"{'m1-1': 1.989, 'm2-1': 1.292, 'm3-1': 5.016, 'm4-1': 1.004}",0.0,inf,inf,inf,195.243,195.243
1866,TT1,BESTEFFORT,COMPLETED,m4-1,190.213,"{'m1-1': 2.581, 'm2-1': 1.569, 'm3-1': 4.078, 'm4-1': 0.791}",1.1865,191.75100000000003,192.54200000000003,inf,195.213,195.213
1867,TT2,BESTEFFORT,CANCELLED,m4-1,190.217,"{'m1-1': 2.531, 'm2-1': 1.681, 'm3-1': 3.744, 'm4-1': 0.911}",0.0,inf,inf,inf,195.317,195.317
1868,TT3,BESTEFFORT,CANCELLED,,190.343,"{'m1-1': 2.425, 'm2-1': 1.282, 'm3-1': 4.73, 'm4-1': 0.85}",0.0,inf,inf,inf,195.54299999999998,195.54299999999998
1869,TT2,BESTEFFORT,CANCELLED,m4-1,190.67,"{'m1-1': 2.306, 'm2-1': 1.775, 'm3-1': 4.245, 'm4-1': 0.816}",0.0,inf,inf,inf,195.76999999999998,195.76999999999998
1870,TT1,BESTEFFORT,COMPLETED,m2-1,190.707,"{'m1-1': 1.938, 'm2-1': 1.77, 'm3-1': 4.186, 'm4-1': 0.686}",5.3100000000000005,193.89199999999997,195.66199999999998,inf,195.707,195.707
1871,TT2,BESTEFFORT,CANCELLED,,190.886,"{'m1-1': 2.39, 'm2-1': 1.63, 'm3-1': 5.011, 'm4-1': 0.899}",0.0,inf,inf,inf,195.986,195.986
1872,TT1,BESTEFFORT,COMPLETED,m4-1,190.893,"{'m1-1': 2.162, 'm2-1': 1.479, 'm3-1': 4.782, 'm4-1': 0.656}",0.984,192.54200000000003,193.19800000000004,inf,195.893,195.893
1873,TT2,BESTEFFORT,CANCELLED,,191.156,"{'m1-1': 2.074, 'm2-1': 1.933, 'm3-1': 4.569, 'm4-1': 0.877}",0.0,inf,inf,inf,196.256,196.256
1874,TT4,BESTEFFORT,MISSED,m1-1,191.23,"{'m1-1': 2.255, 'm2-1': 1.358, 'm3-1': 4.649, 'm4-1': 1.04}",3.431999999999971,194.085,inf,196.23,196.23,196.23
1875,TT2,BESTEFFORT,CANCELLED,,191.24,"{'m1-1': 2.587, 'm2-1': 2.013, 'm3-1': 4.434, 'm4-1': 0.959}",0.0,inf,inf,inf,196.34,196.34
1876,TT4,BESTEFFORT,COMPLETED,m3-1,191.516,"{'m1-1': 1.736, 'm2-1': 1.809, 'm3-1': 3.895, 'm4-1': 0.896}",7.011,191.627,195.52200000000002,inf,196.516,196.516
1877,TT2,BESTEFFORT,CANCELLED,m4-1,191.642,"{'m1-1': 2.048, 'm2-1': 1.633, 'm3-1': 4.112, 'm4-1': 0.777}",0.0,inf,inf,inf,196.742,196.742
1878,TT4,BESTEFFORT,COMPLETED,m4-1,191.684,"{'m1-1': 1.955, 'm2-1': 1.549, 'm3-1': 4.912, 'm4-1': 0.902}",1.353,193.19800000000004,194.10000000000002,inf,196.684,196.684
1879,TT4,BESTEFFORT,CANCELLED,,191.838,"{'m1-1': 2.442, 'm2-1': 1.819, 'm3-1': 3.889, 'm4-1': 0.881}",0.0,inf,inf,inf,196.838,196.838
1880,TT4,BESTEFFORT,COMPLETED,m4-1,191.862,"{'m1-1': 1.747, 'm2-1': 1.39, 'm3-1': 4.063, 'm4-1': 1.024}",1.536,194.10000000000002,195.12400000000002,inf,196.862,196.862
1881,TT3,BESTEFFORT,CANCELLED,,192.066,"{'m1-1': 2.161, 'm2-1': 1.539, 'm3-1': 4.415, 'm4-1': 0.828}",0.0,inf,inf,inf,197.266,197.266
1882,TT3,BESTEFFORT,COMPLETED,m2-1,192.214,"{'m1-1': 1.759, 'm2-1': 1.703, 'm3-1': 4.732, 'm4-1': 0.754}",5.109,195.66199999999998,197.36499999999998,inf,197.414,197.414
1883,TT4,BESTEFFORT,CANCELLED,,192.256,"{'m1-1': 2.235, 'm2-1': 1.83, 'm3-1': 3.741, 'm4-1': 0.812}",0.0,inf,inf,inf,197.256,197.256
1884,TT4,BESTEFFORT,CANCELLED,,192.279,"{'m1-1': 1.988, 'm2-1': 1.404, 'm3-1': 5.001, 'm4-1': 1.009}",0.0,inf,inf,inf,197.279,197.279
1885,TT4,BESTEFFORT,CANCELLED,,192.396,"{'m1-1': 2.009, 'm2-1': 1.737, 'm3-1': 4.606, 'm4-1': 1.004}",0.0,inf,inf,inf,197.396,197.396
1886,TT2,BESTEFFORT,COMPLETED,m4-1,192.476,"{'m1-1': 2.068, 'm2-1': 2.012, 'm3-1': 3.774, 'm4-1': 0.911}",1.3665,195.12400000000002,196.03500000000003,inf,197.576,197.576
1887,TT2,BESTEFFORT,CANCELLED,,192.499,"{'m1-1': 2.046, 'm2-1': 2.049, 'm3-1': 4.677, 'm4-1': 0.719}",0.0,inf,inf,inf,197.599,197.599
1888,TT2,BESTEFFORT,CANCELLED,,192.575,"{'m1-1': 2.039, 'm2-1': 1.52, 'm3-1': 4.9, 'm4-1': 0.734}",0.0,inf,inf,inf,197.67499999999998,197.67499999999998
1889,TT2,BESTEFFORT,CANCELLED,,192.603,"{'m1-1': 1.937, 'm2-1': 1.815, 'm3-1': 4.245, 'm4-1': 0.719}",0.0,inf,inf,inf,197.703,197.703
1890,TT2,BESTEFFORT,CANCELLED,,192.759,"{'m1-1': 2.035, 'm2-1': 1.535, 'm3-1': 3.999, 'm4-1': 0.938}",0.0,inf,inf,inf,197.85899999999998,197.85899999999998
1891,TT4,BESTEFFORT,CANCELLED,,192.782,"{'m1-1': 2.282, 'm2-1': 1.858, 'm3-1': 3.933, 'm4-1': 0.834}",0.0,inf,inf,inf,197.782,197.782
1892,TT2,BESTEFFORT,CANCELLED,,192.907,"{'m1-1': 2.639, 'm2-1': 2.028, 'm3-1': 4.588, 'm4-1': 0.749}",0.0,inf,inf,inf,198.007,198.007
1893,TT2,BESTEFFORT,COMPLETED,m4-1,193.159,"{'m1-1': 1.978, 'm2-1': 1.673, 'm3-1': 4.49, 'm4-1': 0.72}",1.08,196.03500000000003,196.75500000000002,inf,198.259,198.259
1894,TT2,BESTEFFORT,COMPLETED,m1-1,193.365,"{'m1-1': 1.98, 'm2-1': 1.804, 'm3-1': 5.05, 'm4-1': 1.018}",3.168,196.23,198.20999999999998,inf,198.465,198.465
1895,TT4,BESTEFFORT,CANCELLED,,193.391,"{'m1-1': 2.383, 'm2-1': 1.631, 'm3-1': 4.209, 'm4-1': 0.761}",0.0,inf,inf,inf,198.391,198.391
1896,TT3,BESTEFFORT,CANCELLED,,193.406,"{'m1-1': 1.892, 'm2-1': 1.309, 'm3-1': 5.031, 'm4-1': 0.8}",0.0,inf,inf,inf,198.606,198.606
1897,TT1,BESTEFFORT,CANCELLED,,193.45,"{'m1-1': 2.557, 'm2-1': 1.842, 'm3-1': 5.088, 'm4-1': 0.728}",0.0,inf,inf,inf,198.45,198.45
1898,TT2,BESTEFFORT,CANCELLED,,193.451,"{'m1-1': 2.438, 'm2-1': 2.065, 'm3-1': 4.72, 'm4-1': 0.888}",0.0,inf,inf,inf,198.551,198.551
1899,TT4,BESTEFFORT,CANCELLED,,193.484,"{'m1-1': 2.406, 'm2-1': 1.397, 'm3-1': 4.83, 'm4-1': 1.061}",0.0,inf,inf,inf,198.484,198.484
1900,TT4,BESTEFFORT,CANCELLED,,193.538,"{'m1-1': 2.022, 'm2-1': 1.488, 'm3-1': 4.234, 'm4-1': 0.778}",0.0,inf,inf,inf,198.538,198.538
1901,TT3,BESTEFFORT,CANCELLED,,193.749,"{'m1-1': 2.289, 'm2-1': 1.642, 'm3-1': 5.535, 'm4-1': 0.82}",0.0,inf,inf,inf,198.94899999999998,198.94899999999998
1902,TT3,BESTEFFORT,MISSED,m2-1,193.762,"{'m1-1': 1.928, 'm2-1': 1.605, 'm3-1': 5.748, 'm4-1': 0.969}",4.791000000000025,197.36499999999998,inf,198.962,198.962,198.962
1903,TT2,BESTEFFORT,COMPLETED,m4-1,194.008,"{'m1-1': 2.251, 'm2-1': 2.115, 'm3-1': 3.912, 'm4-1': 0.902}",1.353,196.75500000000002,197.657,inf,199.108,199.108
1904,TT1,BESTEFFORT,CANCELLED,,194.108,"{'m1-1': 2.062, 'm2-1': 1.821, 'm3-1': 3.865, 'm4-1': 0.743}",0.0,inf,inf,inf,199.108,199.108
1905,TT4,BESTEFFORT,CANCELLED,,194.185,"{'m1-1': 2.385, 'm2-1': 1.599, 'm3-1': 4.353, 'm4-1': 0.789}",0.0,inf,inf,inf,199.185,199.185
1906,TT3,BESTEFFORT,CANCELLED,,194.23,"{'m1-1': 1.84, 'm2-1': 1.619, 'm3-1': 4.428, 'm4-1': 0.761}",0.0,inf,inf,inf,199.42999999999998,199.42999999999998
1907,TT3,BESTEFFORT,CANCELLED,,194.379,"{'m1-1': 2.178, 'm2-1': 1.509, 'm3-1': 5.732, 'm4-1': 0.909}",0.0,inf,inf,inf,199.57899999999998,199.57899999999998
1908,TT4,BESTEFFORT,CANCELLED,,194.492,"{'m1-1': 2.046, 'm2-1': 1.889, 'm3-1': 4.659, 'm4-1': 1.053}",0.0,inf,inf,inf,199.492,199.492
1909,TT2,BESTEFFORT,CANCELLED,,194.492,"{'m1-1': 1.968, 'm2-1': 1.679, 'm3-1': 4.266, 'm4-1': 0.866}",0.0,inf,inf,inf,199.59199999999998,199.59199999999998
1910,TT3,BESTEFFORT,CANCELLED,,194.529,"{'m1-1': 2.029, 'm2-1': 1.481, 'm3-1': 5.705, 'm4-1': 0.871}",0.0,inf,inf,inf,199.72899999999998,199.72899999999998
1911,TT3,BESTEFFORT,CANCELLED,,194.59,"{'m1-1': 2.351, 'm2-1': 1.317, 'm3-1': 5.34, 'm4-1': 0.738}",0.0,inf,inf,inf,199.79,199.79
1912,TT3,BESTEFFORT,CANCELLED,m4-1,194.678,"{'m1-1': 2.021, 'm2-1': 1.484, 'm3-1': 5.522, 'm4-1': 0.9}",0.0,inf,inf,inf,199.878,199.878
1913,TT3,BESTEFFORT,CANCELLED,,194.828,"{'m1-1': 1.969, 'm2-1': 1.377, 'm3-1': 5.194, 'm4-1': 0.905}",0.0,inf,inf,inf,200.028,200.028
1914,TT3,BESTEFFORT,MISSED,m1-1,194.932,"{'m1-1': 2.397, 'm2-1': 1.711, 'm3-1': 5.379, 'm4-1': 0.892}",3.0751999999999953,198.20999999999998,inf,200.13199999999998,200.13199999999998,200.13199999999998
1915,TT2,BESTEFFORT,MISSED,m3-1,195.202,"{'m1-1': 2.49, 'm2-1': 2.115, 'm3-1': 4.821, 'm4-1': 0.822}",8.603999999999951,195.52200000000002,inf,200.302,200.302,200.302
1916,TT2,BESTEFFORT,MISSED,m2-1,195.326,"{'m1-1': 2.234, 'm2-1': 1.514, 'm3-1': 4.331, 'm4-1': 0.87}",4.391999999999996,198.962,inf,200.426,200.426,200.426
1917,TT3,BESTEFFORT,CANCELLED,,195.416,"{'m1-1': 2.397, 'm2-1': 1.463, 'm3-1': 5.257, 'm4-1': 0.856}",0.0,inf,inf,inf,200.61599999999999,200.61599999999999
1918,TT1,BESTEFFORT,CANCELLED,,195.454,"{'m1-1': 2.245, 'm2-1': 1.973, 'm3-1': 4.98, 'm4-1': 0.765}",0.0,inf,inf,inf,200.454,200.454
1919,TT4,BESTEFFORT,CANCELLED,,195.564,"{'m1-1': 2.353, 'm2-1': 1.508, 'm3-1': 4.347, 'm4-1': 0.845}",0.0,inf,inf,inf,200.564,200.564
1920,TT2,BESTEFFORT,COMPLETED,m4-1,195.61,"{'m1-1': 2.485, 'm2-1': 1.838, 'm3-1': 3.63, 'm4-1': 0.846}",1.269,197.657,198.50300000000001,inf,200.71,200.71
1921,TT4,BESTEFFORT,COMPLETED,m4-1,195.799,"{'m1-1': 1.885, 'm2-1': 1.648, 'm3-1': 4.648, 'm4-1': 0.755}",1.1325,198.50300000000001,199.258,inf,200.799,200.799
1922,TT3,BESTEFFORT,CANCELLED,,195.944,"{'m1-1': 2.084, 'm2-1': 1.331, 'm3-1': 5.591, 'm4-1': 0.987}",0.0,inf,inf,inf,201.14399999999998,201.14399999999998
1923,TT1,BESTEFFORT,CANCELLED,,195.988,"{'m1-1': 1.881, 'm2-1': 1.761, 'm3-1': 4.246, 'm4-1': 0.758}",0.0,inf,inf,inf,200.988,200.988
1924,TT2,BESTEFFORT,CANCELLED,,196.126,"{'m1-1': 2.206, 'm2-1': 1.519, 'm3-1': 4.028, 'm4-1': 0.729}",0.0,inf,inf,inf,201.226,201.226
1925,TT2,BESTEFFORT,CANCELLED,,196.244,"{'m1-1': 2.271, 'm2-1': 2.121, 'm3-1': 4.64, 'm4-1': 1.0}",0.0,inf,inf,inf,201.344,201.344
1926,TT4,BESTEFFORT,CANCELLED,,196.274,"{'m1-1': 1.753, 'm2-1': 1.554, 'm3-1': 4.254, 'm4-1': 0.762}",0.0,inf,inf,inf,201.274,201.274
1927,TT1,BESTEFFORT,CANCELLED,,196.329,"{'m1-1': 2.309, 'm2-1': 1.528, 'm3-1': 3.729, 'm4-1': 0.86}",0.0,inf,inf,inf,201.329,201.329
1928,TT3,BESTEFFORT,CANCELLED,m4-1,196.373,"{'m1-1': 2.152, 'm2-1': 1.734, 'm3-1': 4.921, 'm4-1': 0.884}",0.0,inf,inf,inf,201.57299999999998,201.57299999999998
1929,TT4,BESTEFFORT,COMPLETED,m4-1,196.639,"{'m1-1': 2.045, 'm2-1': 1.774, 'm3-1': 4.702, 'm4-1': 0.86}",1.29,199.258,200.11800000000002,inf,201.639,201.639
1930,TT2,BESTEFFORT,CANCELLED,,196.682,"{'m1-1': 2.314, 'm2-1': 1.917, 'm3-1': 4.649, 'm4-1': 0.895}",0.0,inf,inf,inf,201.78199999999998,201.78199999999998
1931,TT2,BESTEFFORT,CANCELLED,,196.761,"{'m1-1': 2.512, 'm2-1': 1.658, 'm3-1': 3.878, 'm4-1': 1.007}",0.0,inf,inf,inf,201.861,201.861
1932,TT4,BESTEFFORT,CANCELLED,,196.979,"{'m1-1': 2.08, 'm2-1': 1.427, 'm3-1': 3.895, 'm4-1': 0.971}",0.0,inf,inf,inf,201.979,201.979
1933,TT4,BESTEFFORT,CANCELLED,,197.058,"{'m1-1': 2.416, 'm2-1': 1.727, 'm3-1': 5.001, 'm4-1': 1.0}",0.0,inf,inf,inf,202.058,202.058
1934,TT3,BESTEFFORT,MISSED,m1-1,197.104,"{'m1-1': 2.301, 'm2-1': 1.78, 'm3-1': 5.943, 'm4-1': 0.73}",3.475200000000041,200.13199999999998,inf,202.304,202.304,202.304
1935,TT2,BESTEFFORT,CANCELLED,m4-1,197.273,"{'m1-1': 2.617, 'm2-1': 1.933, 'm3-1': 3.869, 'm4-1': 0.94}",0.0,inf,inf,inf,202.373,202.373
1936,TT3,BESTEFFORT,COMPLETED,m2-1,197.341,"{'m1-1': 2.208, 'm2-1': 1.347, 'm3-1': 4.229, 'm4-1': 0.798}",4.041,200.426,201.773,inf,202.541,202.541
1937,TT2,BESTEFFORT,CANCELLED,,197.691,"{'m1-1': 2.506, 'm2-1': 1.936, 'm3-1': 4.059, 'm4-1': 0.745}",0.0,inf,inf,inf,202.791,202.791
1938,TT1,BESTEFFORT,CANCELLED,,197.898,"{'m1-1': 2.41, 'm2-1': 1.899, 'm3-1': 4.354, 'm4-1': 0.801}",0.0,inf,inf,inf,202.898,202.898
1939,TT1,BESTEFFORT,CANCELLED,,197.905,"{'m1-1': 2.296, 'm2-1': 1.532, 'm3-1': 4.901, 'm4-1': 0.61}",0.0,inf,inf,inf,202.905,202.905
1940,TT4,BESTEFFORT,CANCELLED,m4-1,197.936,"{'m1-1': 1.818, 'm2-1': 1.767, 'm3-1': 4.703, 'm4-1': 0.803}",0.0,inf,inf,inf,202.936,202.936
1941,TT1,BESTEFFORT,CANCELLED,m4-1,197.999,"{'m1-1': 2.12, 'm2-1': 1.715, 'm3-1': 4.469, 'm4-1': 0.707}",0.0,inf,inf,inf,202.999,202.999
1942,TT1,BESTEFFORT,CANCELLED,m4-1,198.175,"{'m1-1': 2.473, 'm2-1': 1.773, 'm3-1': 4.11, 'm4-1': 0.786}",0.0,inf,inf,inf,203.175,203.175
1943,TT1,BESTEFFORT,CANCELLED,m4-1,198.327,"{'m1-1': 1.891, 'm2-1': 1.432, 'm3-1': 4.108, 'm4-1': 0.832}",0.0,inf,inf,inf,203.327,203.327
1944,TT4,BESTEFFORT,COMPLETED,m4-1,198.423,"{'m1-1': 2.0, 'm2-1': 1.629, 'm3-1': 5.081, 'm4-1': 0.918}",1.377,200.11800000000002,201.03600000000003,inf,203.423,203.423
1945,TT3,BESTEFFORT,COMPLETED,m2-1,198.493,"{'m1-1': 2.182, 'm2-1': 1.358, 'm3-1': 4.305, 'm4-1': 0.845}",4.074,201.773,203.131,inf,203.69299999999998,203.69299999999998
1946,TT2,BESTEFFORT,CANCELLED,,198.522,"{'m1-1': 2.602, 'm2-1': 1.917, 'm3-1': 3.936, 'm4-1': 0.908}",0.0,inf,inf,inf,203.62199999999999,203.62199999999999
1947,TT4,BESTEFFORT,MISSED,m1-1,198.857,"{'m1-1': 2.254, 'm2-1': 1.514, 'm3-1': 3.893, 'm4-1': 1.061}",2.484799999999996,202.304,inf,203.857,203.857,203.857
1948,TT2,BESTEFFORT,MISSED,m3-1,198.992,"{'m1-1': 2.438, 'm2-1': 2.107, 'm3-1': 4.956, 'm4-1': 0.913}",6.821999999999986,200.302,inf,204.09199999999998,204.09199999999998,204.09199999999998
1949,TT1,BESTEFFORT,CANCELLED,,199.062,"{'m1-1': 2.165, 'm2-1': 1.801, 'm3-1': 4.966, 'm4-1': 0.747}",0.0,inf,inf,inf,204.062,204.062
1950,TT1,BESTEFFORT,COMPLETED,m4-1,199.128,"{'m1-1': 2.006, 'm2-1': 1.821, 'm3-1': 5.073, 'm4-1': 0.802}",1.203,201.03600000000003,201.83800000000002,inf,204.128,204.128
1951,TT1,BESTEFFORT,CANCELLED,,199.25,"{'m1-1': 2.337, 'm2-1': 1.702, 'm3-1': 4.279, 'm4-1': 0.702}",0.0,inf,inf,inf,204.25,204.25
1952,TT1,BESTEFFORT,CANCELLED,,199.262,"{'m1-1': 1.885, 'm2-1': 1.817, 'm3-1': 4.986, 'm4-1': 0.756}",0.0,inf,inf,inf,204.262,204.262
1953,TT3,BESTEFFORT,CANCELLED,,199.27,"{'m1-1': 1.99, 'm2-1': 1.499, 'm3-1': 5.826, 'm4-1': 0.988}",0.0,inf,inf,inf,204.47,204.47
1954,TT4,BESTEFFORT,CANCELLED,,199.577,"{'m1-1': 2.228, 'm2-1': 1.476, 'm3-1': 4.175, 'm4-1': 0.785}",0.0,inf,inf,inf,204.577,204.577
1955,TT3,BESTEFFORT,CANCELLED,,199.624,"{'m1-1': 2.271, 'm2-1': 1.372, 'm3-1': 4.542, 'm4-1': 0.941}",0.0,inf,inf,inf,204.82399999999998,204.82399999999998
1956,TT2,BESTEFFORT,CANCELLED,,199.666,"{'m1-1': 2.364, 'm2-1': 1.78, 'm3-1': 4.861, 'm4-1': 0.904}",0.0,inf,inf,inf,204.766,204.766
1957,TT1,BESTEFFORT,CANCELLED,,199.724,"{'m1-1': 1.885, 'm2-1': 1.872, 'm3-1': 3.775, 'm4-1': 0.661}",0.0,inf,inf,inf,204.724,204.724
1958,TT2,BESTEFFORT,CANCELLED,,199.732,"{'m1-1': 2.248, 'm2-1': 1.929, 'm3-1': 4.533, 'm4-1': 0.987}",0.0,inf,inf,inf,204.832,204.832
1959,TT4,BESTEFFORT,CANCELLED,,199.762,"{'m1-1': 1.809, 'm2-1': 1.701, 'm3-1': 4.207, 'm4-1': 1.04}",0.0,inf,inf,inf,204.762,204.762
1960,TT2,BESTEFFORT,CANCELLED,m4-1,199.808,"{'m1-1': 2.508, 'm2-1': 2.104, 'm3-1': 4.275, 'm4-1': 0.993}",0.0,inf,inf,inf,204.908,204.908
1961,TT2,BESTEFFORT,COMPLETED,m2-1,200.284,"{'m1-1': 2.518, 'm2-1': 1.676, 'm3-1': 3.648, 'm4-1': 0.918}",5.028,203.131,204.807,inf,205.384,205.384
1962,TT3,BESTEFFORT,COMPLETED,m4-1,200.306,"{'m1-1': 1.991, 'm2-1': 1.378, 'm3-1': 4.297, 'm4-1': 0.883}",1.3245,201.83800000000002,202.72100000000003,inf,205.506,205.506
1963,TT2,BESTEFFORT,CANCELLED,,200.362,"{'m1-1': 2.351, 'm2-1': 2.113, 'm3-1': 3.691, 'm4-1': 0.923}",0.0,inf,inf,inf,205.462,205.462
1964,TT4,BESTEFFORT,CANCELLED,,200.391,"{'m1-1': 1.769, 'm2-1': 1.519, 'm3-1': 4.487, 'm4-1': 0.837}",0.0,inf,inf,inf,205.391,205.391
1965,TT3,BESTEFFORT,CANCELLED,m4-1,200.66,"{'m1-1': 2.151, 'm2-1': 1.466, 'm3-1': 5.158, 'm4-1': 0.799}",0.0,inf,inf,inf,205.85999999999999,205.85999999999999
1966,TT1,BESTEFFORT,CANCELLED,m4-1,200.661,"{'m1-1': 1.996, 'm2-1': 1.412, 'm3-1': 3.657, 'm4-1': 0.791}",0.0,inf,inf,inf,205.661,205.661
1967,TT2,BESTEFFORT,CANCELLED,,200.771,"{'m1-1': 2.375, 'm2-1': 1.759, 'm3-1': 4.564, 'm4-1': 0.74}",0.0,inf,inf,inf,205.87099999999998,205.87099999999998
1968,TT2,BESTEFFORT,MISSED,m1-1,200.841,"{'m1-1': 2.295, 'm2-1': 1.797, 'm3-1': 4.285, 'm4-1': 0.782}",3.3344000000000054,203.857,inf,205.941,205.941,205.941
1969,TT2,BESTEFFORT,COMPLETED,m4-1,201.229,"{'m1-1': 2.506, 'm2-1': 1.709, 'm3-1': 5.077, 'm4-1': 0.873}",1.3094999999999999,203.46500000000003,204.33800000000002,inf,206.329,206.329
1970,TT2,BESTEFFORT,CANCELLED,,201.641,"{'m1-1': 2.485, 'm2-1': 1.535, 'm3-1': 4.788, 'm4-1': 0.846}",0.0,inf,inf,inf,206.74099999999999,206.74099999999999
1971,TT3,BESTEFFORT,COMPLETED,m2-1,201.704,"{'m1-1': 2.212, 'm2-1': 1.393, 'm3-1': 4.45, 'm4-1': 0.79}",4.179,204.807,206.2,inf,206.904,206.904
1972,TT2,BESTEFFORT,COMPLETED,m4-1,201.707,"{'m1-1': 2.008, 'm2-1': 1.921, 'm3-1': 4.179, 'm4-1': 0.744}",1.116,202.72100000000003,203.46500000000003,inf,206.807,206.807
1973,TT3,BESTEFFORT,CANCELLED,m4-1,202.031,"{'m1-1': 2.331, 'm2-1': 1.498, 'm3-1': 4.296, 'm4-1': 0.882}",0.0,inf,inf,inf,207.231,207.231
1974,TT1,BESTEFFORT,CANCELLED,m4-1,202.17,"{'m1-1': 2.525, 'm2-1': 1.423, 'm3-1': 4.907, 'm4-1': 0.722}",0.0,inf,inf,inf,207.17,207.17
1975,TT3,BESTEFFORT,CANCELLED,m4-1,202.35,"{'m1-1': 2.183, 'm2-1': 1.513, 'm3-1': 4.451, 'm4-1': 0.916}",0.0,inf,inf,inf,207.54999999999998,207.54999999999998
1976,TT2,BESTEFFORT,COMPLETED,m4-1,202.427,"{'m1-1': 2.307, 'm2-1': 1.907, 'm3-1': 3.783, 'm4-1': 0.959}",1.4385,205.05700000000002,206.01600000000002,inf,207.527,207.527
1977,TT1,BESTEFFORT,COMPLETED,m4-1,202.499,"{'m1-1': 2.017, 'm2-1': 1.969, 'm3-1': 4.48, 'm4-1': 0.719}",1.0785,204.33800000000002,205.05700000000002,inf,207.499,207.499
1978,TT3,BESTEFFORT,CANCELLED,,202.534,"{'m1-1': 2.052, 'm2-1': 1.49, 'm3-1': 4.758, 'm4-1': 0.91}",0.0,inf,inf,inf,207.73399999999998,207.73399999999998
1979,TT2,BESTEFFORT,MISSED,m3-1,202.784,"{'m1-1': 2.632, 'm2-1': 2.07, 'm3-1': 4.187, 'm4-1': 0.847}",6.825600000000003,204.09199999999998,inf,207.884,207.884,207.884
1980,TT2,BESTEFFORT,CANCELLED,,202.863,"{'m1-1': 2.571, 'm2-1': 2.047, 'm3-1': 3.674, 'm4-1': 0.934}",0.0,inf,inf,inf,207.963,207.963
1981,TT3,BESTEFFORT,COMPLETED,m1-1,202.902,"{'m1-1': 2.049, 'm2-1': 1.722, 'm3-1': 5.821, 'm4-1': 0.855}",3.2784,205.941,207.99,inf,208.10199999999998,208.10199999999998
1982,TT1,BESTEFFORT,COMPLETED,m2-1,202.964,"{'m1-1': 2.277, 'm2-1': 1.478, 'm3-1': 4.108, 'm4-1': 0.753}",4.434,206.2,207.678,inf,207.964,207.964
1983,TT2,BESTEFFORT,CANCELLED,,203.018,"{'m1-1': 2.208, 'm2-1': 1.597, 'm3-1': 4.719, 'm4-1': 0.98}",0.0,inf,inf,inf,208.118,208.118
1984,TT3,BESTEFFORT,CANCELLED,,203.227,"{'m1-1': 2.369, 'm2-1': 1.497, 'm3-1': 5.55, 'm4-1': 0.835}",0.0,inf,inf,inf,208.427,208.427
1985,TT2,BESTEFFORT,CANCELLED,,203.258,"{'m1-1': 2.298, 'm2-1': 1.803, 'm3-1': 4.98, 'm4-1': 0.997}",0.0,inf,inf,inf,208.358,208.358
1986,TT2,BESTEFFORT,CANCELLED,m4-1,203.302,"{'m1-1': 2.011, 'm2-1': 1.986, 'm3-1': 4.719, 'm4-1': 0.913}",0.0,inf,inf,inf,208.402,208.402
1987,TT3,BESTEFFORT,CANCELLED,,203.318,"{'m1-1': 2.011, 'm2-1': 1.749, 'm3-1': 5.727, 'm4-1': 0.968}",0.0,inf,inf,inf,208.518,208.518
1988,TT3,BESTEFFORT,CANCELLED,,203.475,"{'m1-1': 2.007, 'm2-1': 1.397, 'm3-1': 5.164, 'm4-1': 0.986}",0.0,inf,inf,inf,208.67499999999998,208.67499999999998
1989,TT1,BESTEFFORT,CANCELLED,,203.484,"{'m1-1': 1.879, 'm2-1': 1.72, 'm3-1': 4.93, 'm4-1': 0.66}",0.0,inf,inf,inf,208.484,208.484
1990,TT2,BESTEFFORT,CANCELLED,,203.628,"{'m1-1': 2.549, 'm2-1': 2.132, 'm3-1': 4.995, 'm4-1': 0.808}",0.0,inf,inf,inf,208.72799999999998,208.72799999999998
1991,TT3,BESTEFFORT,CANCELLED,,203.76,"{'m1-1': 1.952, 'm2-1': 1.474, 'm3-1': 5.522, 'm4-1': 0.766}",0.0,inf,inf,inf,208.95999999999998,208.95999999999998
1992,TT3,BESTEFFORT,CANCELLED,,203.913,"{'m1-1': 1.811, 'm2-1': 1.501, 'm3-1': 4.957, 'm4-1': 0.744}",0.0,inf,inf,inf,209.113,209.113
1993,TT3,BESTEFFORT,CANCELLED,,203.934,"{'m1-1': 2.051, 'm2-1': 1.626, 'm3-1': 5.876, 'm4-1': 0.814}",0.0,inf,inf,inf,209.134,209.134
1994,TT1,BESTEFFORT,COMPLETED,m4-1,204.217,"{'m1-1': 2.39, 'm2-1': 1.926, 'm3-1': 4.182, 'm4-1': 0.746}",1.119,206.01600000000002,206.76200000000003,inf,209.217,209.217
1995,TT1,BESTEFFORT,COMPLETED,m4-1,204.31,"{'m1-1': 1.986, 'm2-1': 1.424, 'm3-1': 4.563, 'm4-1': 0.69}",1.035,207.56800000000004,208.25800000000004,inf,209.31,209.31
1996,TT3,BESTEFFORT,COMPLETED,m2-1,204.789,"{'m1-1': 2.167, 'm2-1': 1.328, 'm3-1': 5.095, 'm4-1': 0.853}",3.984,207.678,209.006,inf,209.98899999999998,209.98899999999998
1997,TT3,BESTEFFORT,COMPLETED,m4-1,204.87,"{'m1-1': 1.979, 'm2-1': 1.565, 'm3-1': 4.842, 'm4-1': 0.806}",1.209,206.76200000000003,207.56800000000004,inf,210.07,210.07
1998,TT1,BESTEFFORT,MISSED,m1-1,205.166,"{'m1-1': 2.285, 'm2-1': 1.975, 'm3-1': 4.694, 'm4-1': 0.791}",3.4815999999999807,207.99,inf,210.166,210.166,210.166
1999,TT3,BESTEFFORT,COMPLETED,m4-1,205.212,"{'m1-1': 1.927, 'm2-1': 1.452, 'm3-1': 5.092, 'm4-1': 0.984}",1.476,208.25800000000004,209.24200000000005,inf,210.41199999999998,210.41199999999998
